014847 ВЉЪБКуРжеЎШЏC ШеЯп ЧАИДШЈ
      ШеЦк	    ПЊХЬ	    зюИп	    зюЕЭ	    ЪеХЬ	    ГЩНЛСП	    ГЩНЛЖю
2022/04/28	0.9932	0.9932	0.9932	0.9932	0	0.00
2022/04/29	0.9932	0.9932	0.9932	0.9932	0	0.00
2022/05/06	0.9935	0.9935	0.9935	0.9935	0	0.00
2022/05/13	0.9942	0.9942	0.9942	0.9942	0	0.00
2022/05/17	0.9945	0.9945	0.9945	0.9945	0	0.00
2022/05/18	0.9946	0.9946	0.9946	0.9946	0	0.00
2022/05/19	0.9949	0.9949	0.9949	0.9949	0	0.00
2022/05/20	0.9950	0.9950	0.9950	0.9950	0	0.00
2022/05/23	0.9956	0.9956	0.9956	0.9956	0	0.00
2022/05/24	0.9964	0.9964	0.9964	0.9964	0	0.00
2022/05/25	0.9970	0.9970	0.9970	0.9970	0	0.00
2022/05/26	0.9999	0.9999	0.9999	0.9999	0	0.00
2022/05/27	1.0002	1.0002	1.0002	1.0002	0	0.00
2022/05/30	0.9992	0.9992	0.9992	0.9992	0	0.00
2022/05/31	0.9976	0.9976	0.9976	0.9976	0	0.00
2022/06/01	0.9970	0.9970	0.9970	0.9970	0	0.00
2022/06/02	0.9965	0.9965	0.9965	0.9965	0	0.00
2022/06/06	0.9964	0.9964	0.9964	0.9964	0	0.00
2022/06/07	0.9971	0.9971	0.9971	0.9971	0	0.00
2022/06/08	0.9973	0.9973	0.9973	0.9973	0	0.00
2022/06/09	0.9982	0.9982	0.9982	0.9982	0	0.00
2022/06/10	0.9988	0.9988	0.9988	0.9988	0	0.00
2022/06/13	0.9980	0.9980	0.9980	0.9980	0	0.00
2022/06/14	0.9981	0.9981	0.9981	0.9981	0	0.00
2022/06/15	0.9986	0.9986	0.9986	0.9986	0	0.00
2022/06/16	0.9988	0.9988	0.9988	0.9988	0	0.00
2022/06/17	0.9998	0.9998	0.9998	0.9998	0	0.00
2022/06/20	0.9992	0.9992	0.9992	0.9992	0	0.00
2022/06/21	0.9995	0.9995	0.9995	0.9995	0	0.00
2022/06/22	0.9992	0.9992	0.9992	0.9992	0	0.00
2022/06/23	0.9998	0.9998	0.9998	0.9998	0	0.00
2022/06/24	0.9990	0.9990	0.9990	0.9990	0	0.00
2022/06/27	0.9979	0.9979	0.9979	0.9979	0	0.00
2022/06/28	0.9970	0.9970	0.9970	0.9970	0	0.00
2022/06/29	0.9981	0.9981	0.9981	0.9981	0	0.00
2022/06/30	1.0001	1.0001	1.0001	1.0001	0	0.00
2022/07/01	1.0001	1.0001	1.0001	1.0001	0	0.00
2022/07/04	0.9994	0.9994	0.9994	0.9994	0	0.00
2022/07/05	0.9992	0.9992	0.9992	0.9992	0	0.00
2022/07/06	0.9993	0.9993	0.9993	0.9993	0	0.00
2022/07/07	0.9995	0.9995	0.9995	0.9995	0	0.00
2022/07/08	0.9997	0.9997	0.9997	0.9997	0	0.00
2022/07/11	1.0009	1.0009	1.0009	1.0009	0	0.00
2022/07/12	1.0021	1.0021	1.0021	1.0021	0	0.00
2022/07/13	1.0024	1.0024	1.0024	1.0024	0	0.00
2022/07/14	1.0026	1.0026	1.0026	1.0026	0	0.00
2022/07/15	1.0026	1.0026	1.0026	1.0026	0	0.00
2022/07/18	1.0033	1.0033	1.0033	1.0033	0	0.00
2022/07/19	1.0037	1.0037	1.0037	1.0037	0	0.00
2022/07/20	1.0052	1.0052	1.0052	1.0052	0	0.00
2022/07/21	1.0054	1.0054	1.0054	1.0054	0	0.00
2022/07/22	1.0047	1.0047	1.0047	1.0047	0	0.00
2022/07/25	1.0057	1.0057	1.0057	1.0057	0	0.00
2022/07/26	1.0072	1.0072	1.0072	1.0072	0	0.00
2022/07/27	1.0074	1.0074	1.0074	1.0074	0	0.00
2022/07/28	1.0070	1.0070	1.0070	1.0070	0	0.00
2022/07/29	1.0093	1.0093	1.0093	1.0093	0	0.00
2022/08/01	1.0105	1.0105	1.0105	1.0105	0	0.00
2022/08/02	1.0112	1.0112	1.0112	1.0112	0	0.00
2022/08/03	1.0114	1.0114	1.0114	1.0114	0	0.00
2022/08/04	1.0120	1.0120	1.0120	1.0120	0	0.00
2022/08/05	1.0127	1.0127	1.0127	1.0127	0	0.00
2022/08/08	1.0122	1.0122	1.0122	1.0122	0	0.00
2022/08/09	1.0122	1.0122	1.0122	1.0122	0	0.00
2022/08/10	1.0120	1.0120	1.0120	1.0120	0	0.00
2022/08/11	1.0133	1.0133	1.0133	1.0133	0	0.00
2022/08/12	1.0141	1.0141	1.0141	1.0141	0	0.00
2022/08/15	1.0170	1.0170	1.0170	1.0170	0	0.00
2022/08/16	1.0177	1.0177	1.0177	1.0177	0	0.00
2022/08/17	1.0187	1.0187	1.0187	1.0187	0	0.00
2022/08/18	1.0183	1.0183	1.0183	1.0183	0	0.00
2022/08/19	1.0189	1.0189	1.0189	1.0189	0	0.00
2022/08/22	1.0194	1.0194	1.0194	1.0194	0	0.00
2022/08/23	1.0183	1.0183	1.0183	1.0183	0	0.00
2022/08/24	1.0169	1.0169	1.0169	1.0169	0	0.00
2022/08/25	1.0183	1.0183	1.0183	1.0183	0	0.00
2022/08/26	1.0178	1.0178	1.0178	1.0178	0	0.00
2022/08/29	1.0171	1.0171	1.0171	1.0171	0	0.00
2022/08/30	1.0174	1.0174	1.0174	1.0174	0	0.00
2022/08/31	1.0186	1.0186	1.0186	1.0186	0	0.00
2022/09/01	1.0183	1.0183	1.0183	1.0183	0	0.00
2022/09/02	1.0174	1.0174	1.0174	1.0174	0	0.00
2022/09/05	1.0177	1.0177	1.0177	1.0177	0	0.00
2022/09/06	1.0189	1.0189	1.0189	1.0189	0	0.00
2022/09/07	1.0180	1.0180	1.0180	1.0180	0	0.00
2022/09/08	1.0175	1.0175	1.0175	1.0175	0	0.00
2022/09/09	1.0199	1.0199	1.0199	1.0199	0	0.00
2022/09/13	1.0209	1.0209	1.0209	1.0209	0	0.00
2022/09/14	1.0191	1.0191	1.0191	1.0191	0	0.00
2022/09/15	1.0192	1.0192	1.0192	1.0192	0	0.00
2022/09/16	1.0152	1.0152	1.0152	1.0152	0	0.00
2022/09/19	1.0149	1.0149	1.0149	1.0149	0	0.00
2022/09/20	1.0145	1.0145	1.0145	1.0145	0	0.00
2022/09/21	1.0135	1.0135	1.0135	1.0135	0	0.00
2022/09/22	1.0126	1.0126	1.0126	1.0126	0	0.00
2022/09/23	1.0122	1.0122	1.0122	1.0122	0	0.00
2022/09/26	1.0101	1.0101	1.0101	1.0101	0	0.00
2022/09/27	1.0110	1.0110	1.0110	1.0110	0	0.00
2022/09/28	1.0089	1.0089	1.0089	1.0089	0	0.00
2022/09/29	1.0083	1.0083	1.0083	1.0083	0	0.00
2022/09/30	1.0083	1.0083	1.0083	1.0083	0	0.00
2022/10/10	1.0072	1.0072	1.0072	1.0072	0	0.00
2022/10/11	1.0071	1.0071	1.0071	1.0071	0	0.00
2022/10/12	1.0081	1.0081	1.0081	1.0081	0	0.00
2022/10/13	1.0065	1.0065	1.0065	1.0065	0	0.00
2022/10/14	1.0095	1.0095	1.0095	1.0095	0	0.00
2022/10/17	1.0100	1.0100	1.0100	1.0100	0	0.00
2022/10/18	1.0099	1.0099	1.0099	1.0099	0	0.00
2022/10/19	1.0074	1.0074	1.0074	1.0074	0	0.00
2022/10/20	1.0064	1.0064	1.0064	1.0064	0	0.00
2022/10/21	1.0062	1.0062	1.0062	1.0062	0	0.00
2022/10/24	1.0016	1.0016	1.0016	1.0016	0	0.00
2022/10/25	1.0009	1.0009	1.0009	1.0009	0	0.00
2022/10/26	1.0017	1.0017	1.0017	1.0017	0	0.00
2022/10/27	1.0025	1.0025	1.0025	1.0025	0	0.00
2022/10/28	0.9995	0.9995	0.9995	0.9995	0	0.00
2022/10/31	0.9981	0.9981	0.9981	0.9981	0	0.00
2022/11/01	1.0036	1.0036	1.0036	1.0036	0	0.00
2022/11/02	1.0048	1.0048	1.0048	1.0048	0	0.00
2022/11/03	1.0029	1.0029	1.0029	1.0029	0	0.00
2022/11/04	1.0081	1.0081	1.0081	1.0081	0	0.00
2022/11/07	1.0096	1.0096	1.0096	1.0096	0	0.00
2022/11/08	1.0086	1.0086	1.0086	1.0086	0	0.00
2022/11/09	1.0077	1.0077	1.0077	1.0077	0	0.00
2022/11/10	1.0065	1.0065	1.0065	1.0065	0	0.00
2022/11/11	1.0128	1.0128	1.0128	1.0128	0	0.00
2022/11/14	1.0115	1.0115	1.0115	1.0115	0	0.00
2022/11/15	1.0129	1.0129	1.0129	1.0129	0	0.00
2022/11/16	1.0096	1.0096	1.0096	1.0096	0	0.00
2022/11/17	1.0079	1.0079	1.0079	1.0079	0	0.00
2022/11/18	1.0065	1.0065	1.0065	1.0065	0	0.00
2022/11/21	1.0057	1.0057	1.0057	1.0057	0	0.00
2022/11/22	1.0061	1.0061	1.0061	1.0061	0	0.00
2022/11/23	1.0071	1.0071	1.0071	1.0071	0	0.00
2022/11/24	1.0079	1.0079	1.0079	1.0079	0	0.00
2022/11/25	1.0092	1.0092	1.0092	1.0092	0	0.00
2022/11/28	1.0069	1.0069	1.0069	1.0069	0	0.00
2022/11/29	1.0091	1.0091	1.0091	1.0091	0	0.00
2022/11/30	1.0075	1.0075	1.0075	1.0075	0	0.00
2022/12/01	1.0082	1.0082	1.0082	1.0082	0	0.00
2022/12/02	1.0071	1.0071	1.0071	1.0071	0	0.00
2022/12/05	1.0092	1.0092	1.0092	1.0092	0	0.00
2022/12/06	1.0081	1.0081	1.0081	1.0081	0	0.00
2022/12/07	1.0053	1.0053	1.0053	1.0053	0	0.00
2022/12/08	1.0048	1.0048	1.0048	1.0048	0	0.00
2022/12/09	1.0054	1.0054	1.0054	1.0054	0	0.00
2022/12/12	1.0036	1.0036	1.0036	1.0036	0	0.00
2022/12/13	1.0003	1.0003	1.0003	1.0003	0	0.00
2022/12/14	1.0008	1.0008	1.0008	1.0008	0	0.00
2022/12/15	1.0003	1.0003	1.0003	1.0003	0	0.00
2022/12/16	1.0006	1.0006	1.0006	1.0006	0	0.00
2022/12/19	1.0000	1.0000	1.0000	1.0000	0	0.00
2022/12/20	0.9991	0.9991	0.9991	0.9991	0	0.00
2022/12/21	0.9989	0.9989	0.9989	0.9989	0	0.00
2022/12/22	0.9988	0.9988	0.9988	0.9988	0	0.00
2022/12/23	0.9991	0.9991	0.9991	0.9991	0	0.00
2022/12/26	1.0006	1.0006	1.0006	1.0006	0	0.00
2022/12/27	1.0019	1.0019	1.0019	1.0019	0	0.00
2022/12/28	1.0022	1.0022	1.0022	1.0022	0	0.00
2022/12/29	1.0028	1.0028	1.0028	1.0028	0	0.00
2022/12/30	1.0037	1.0037	1.0037	1.0037	0	0.00
2022/12/31	1.0037	1.0037	1.0037	1.0037	0	0.00
2023/01/03	1.0056	1.0056	1.0056	1.0056	0	0.00
2023/01/04	1.0069	1.0069	1.0069	1.0069	0	0.00
2023/01/05	1.0086	1.0086	1.0086	1.0086	0	0.00
2023/01/06	1.0094	1.0094	1.0094	1.0094	0	0.00
2023/01/09	1.0099	1.0099	1.0099	1.0099	0	0.00
2023/01/10	1.0091	1.0091	1.0091	1.0091	0	0.00
2023/01/11	1.0087	1.0087	1.0087	1.0087	0	0.00
2023/01/12	1.0085	1.0085	1.0085	1.0085	0	0.00
2023/01/13	1.0093	1.0093	1.0093	1.0093	0	0.00
2023/01/16	1.0099	1.0099	1.0099	1.0099	0	0.00
2023/01/17	1.0098	1.0098	1.0098	1.0098	0	0.00
2023/01/18	1.0098	1.0098	1.0098	1.0098	0	0.00
2023/01/19	1.0105	1.0105	1.0105	1.0105	0	0.00
2023/01/20	1.0120	1.0120	1.0120	1.0120	0	0.00
2023/01/30	1.0133	1.0133	1.0133	1.0133	0	0.00
2023/01/31	1.0135	1.0135	1.0135	1.0135	0	0.00
2023/02/01	1.0143	1.0143	1.0143	1.0143	0	0.00
2023/02/02	1.0141	1.0141	1.0141	1.0141	0	0.00
2023/02/03	1.0137	1.0137	1.0137	1.0137	0	0.00
2023/02/06	1.0129	1.0129	1.0129	1.0129	0	0.00
2023/02/07	1.0134	1.0134	1.0134	1.0134	0	0.00
2023/02/08	1.0136	1.0136	1.0136	1.0136	0	0.00
2023/02/09	1.0149	1.0149	1.0149	1.0149	0	0.00
2023/02/10	1.0139	1.0139	1.0139	1.0139	0	0.00
2023/02/13	1.0148	1.0148	1.0148	1.0148	0	0.00
2023/02/14	1.0154	1.0154	1.0154	1.0154	0	0.00
2023/02/15	1.0148	1.0148	1.0148	1.0148	0	0.00
2023/02/16	1.0142	1.0142	1.0142	1.0142	0	0.00
2023/02/17	1.0143	1.0143	1.0143	1.0143	0	0.00
2023/02/20	1.0161	1.0161	1.0161	1.0161	0	0.00
2023/02/21	1.0174	1.0174	1.0174	1.0174	0	0.00
2023/02/22	1.0163	1.0163	1.0163	1.0163	0	0.00
2023/02/23	1.0167	1.0167	1.0167	1.0167	0	0.00
2023/02/24	1.0155	1.0155	1.0155	1.0155	0	0.00
2023/02/27	1.0154	1.0154	1.0154	1.0154	0	0.00
2023/02/28	1.0159	1.0159	1.0159	1.0159	0	0.00
2023/03/01	1.0170	1.0170	1.0170	1.0170	0	0.00
2023/03/02	1.0167	1.0167	1.0167	1.0167	0	0.00
2023/03/03	1.0171	1.0171	1.0171	1.0171	0	0.00
2023/03/06	1.0168	1.0168	1.0168	1.0168	0	0.00
2023/03/07	1.0153	1.0153	1.0153	1.0153	0	0.00
2023/03/08	1.0146	1.0146	1.0146	1.0146	0	0.00
2023/03/09	1.0139	1.0139	1.0139	1.0139	0	0.00
2023/03/10	1.0118	1.0118	1.0118	1.0118	0	0.00
2023/03/13	1.0126	1.0126	1.0126	1.0126	0	0.00
2023/03/14	1.0119	1.0119	1.0119	1.0119	0	0.00
2023/03/15	1.0116	1.0116	1.0116	1.0116	0	0.00
2023/03/16	1.0096	1.0096	1.0096	1.0096	0	0.00
2023/03/17	1.0106	1.0106	1.0106	1.0106	0	0.00
2023/03/20	1.0102	1.0102	1.0102	1.0102	0	0.00
2023/03/21	1.0117	1.0117	1.0117	1.0117	0	0.00
2023/03/22	1.0125	1.0125	1.0125	1.0125	0	0.00
2023/03/23	1.0134	1.0134	1.0134	1.0134	0	0.00
2023/03/24	1.0123	1.0123	1.0123	1.0123	0	0.00
2023/03/27	1.0118	1.0118	1.0118	1.0118	0	0.00
2023/03/28	1.0113	1.0113	1.0113	1.0113	0	0.00
2023/03/29	1.0115	1.0115	1.0115	1.0115	0	0.00
2023/03/30	1.0147	1.0147	1.0147	1.0147	0	0.00
2023/03/31	1.0142	1.0142	1.0142	1.0142	0	0.00
2023/04/03	1.0149	1.0149	1.0149	1.0149	0	0.00
2023/04/04	1.0142	1.0142	1.0142	1.0142	0	0.00
2023/04/06	1.0140	1.0140	1.0140	1.0140	0	0.00
2023/04/07	1.0155	1.0155	1.0155	1.0155	0	0.00
2023/04/10	1.0155	1.0155	1.0155	1.0155	0	0.00
2023/04/11	1.0156	1.0156	1.0156	1.0156	0	0.00
2023/04/12	1.0151	1.0151	1.0151	1.0151	0	0.00
2023/04/13	1.0149	1.0149	1.0149	1.0149	0	0.00
2023/04/14	1.0164	1.0164	1.0164	1.0164	0	0.00
2023/04/17	1.0207	1.0207	1.0207	1.0207	0	0.00
2023/04/18	1.0235	1.0235	1.0235	1.0235	0	0.00
2023/04/19	1.0209	1.0209	1.0209	1.0209	0	0.00
2023/04/20	1.0185	1.0185	1.0185	1.0185	0	0.00
2023/04/21	1.0156	1.0156	1.0156	1.0156	0	0.00
2023/04/24	1.0110	1.0110	1.0110	1.0110	0	0.00
2023/04/25	1.0093	1.0093	1.0093	1.0093	0	0.00
2023/04/26	1.0111	1.0111	1.0111	1.0111	0	0.00
2023/04/27	1.0125	1.0125	1.0125	1.0125	0	0.00
2023/04/28	1.0137	1.0137	1.0137	1.0137	0	0.00
2023/05/04	1.0135	1.0135	1.0135	1.0135	0	0.00
2023/05/05	1.0125	1.0125	1.0125	1.0125	0	0.00
2023/05/08	1.0148	1.0148	1.0148	1.0148	0	0.00
2023/05/09	1.0136	1.0136	1.0136	1.0136	0	0.00
2023/05/10	1.0146	1.0146	1.0146	1.0146	0	0.00
2023/05/11	1.0147	1.0147	1.0147	1.0147	0	0.00
2023/05/12	1.0122	1.0122	1.0122	1.0122	0	0.00
2023/05/15	1.0160	1.0160	1.0160	1.0160	0	0.00
2023/05/16	1.0156	1.0156	1.0156	1.0156	0	0.00
2023/05/17	1.0145	1.0145	1.0145	1.0145	0	0.00
2023/05/18	1.0131	1.0131	1.0131	1.0131	0	0.00
2023/05/19	1.0129	1.0129	1.0129	1.0129	0	0.00
2023/05/22	1.0147	1.0147	1.0147	1.0147	0	0.00
2023/05/23	1.0137	1.0137	1.0137	1.0137	0	0.00
2023/05/24	1.0125	1.0125	1.0125	1.0125	0	0.00
2023/05/25	1.0117	1.0117	1.0117	1.0117	0	0.00
2023/05/26	1.0110	1.0110	1.0110	1.0110	0	0.00
2023/05/29	1.0085	1.0085	1.0085	1.0085	0	0.00
2023/05/30	1.0078	1.0078	1.0078	1.0078	0	0.00
2023/05/31	1.0052	1.0052	1.0052	1.0052	0	0.00
2023/06/01	1.0053	1.0053	1.0053	1.0053	0	0.00
2023/06/02	1.0101	1.0101	1.0101	1.0101	0	0.00
2023/06/05	1.0091	1.0091	1.0091	1.0091	0	0.00
2023/06/06	1.0087	1.0087	1.0087	1.0087	0	0.00
2023/06/07	1.0080	1.0080	1.0080	1.0080	0	0.00
2023/06/08	1.0097	1.0097	1.0097	1.0097	0	0.00
2023/06/09	1.0103	1.0103	1.0103	1.0103	0	0.00
2023/06/12	1.0124	1.0124	1.0124	1.0124	0	0.00
2023/06/13	1.0125	1.0125	1.0125	1.0125	0	0.00
2023/06/14	1.0126	1.0126	1.0126	1.0126	0	0.00
2023/06/15	1.0167	1.0167	1.0167	1.0167	0	0.00
2023/06/16	1.0170	1.0170	1.0170	1.0170	0	0.00
2023/06/19	1.0149	1.0149	1.0149	1.0149	0	0.00
2023/06/20	1.0138	1.0138	1.0138	1.0138	0	0.00
2023/06/21	1.0115	1.0115	1.0115	1.0115	0	0.00
2023/06/26	1.0108	1.0108	1.0108	1.0108	0	0.00
2023/06/27	1.0130	1.0130	1.0130	1.0130	0	0.00
2023/06/28	1.0129	1.0129	1.0129	1.0129	0	0.00
2023/06/29	1.0119	1.0119	1.0119	1.0119	0	0.00
2023/06/30	1.0130	1.0130	1.0130	1.0130	0	0.00
2023/07/03	1.0149	1.0149	1.0149	1.0149	0	0.00
2023/07/04	1.0147	1.0147	1.0147	1.0147	0	0.00
2023/07/05	1.0145	1.0145	1.0145	1.0145	0	0.00
2023/07/06	1.0134	1.0134	1.0134	1.0134	0	0.00
2023/07/07	1.0132	1.0132	1.0132	1.0132	0	0.00
2023/07/10	1.0147	1.0147	1.0147	1.0147	0	0.00
2023/07/11	1.0156	1.0156	1.0156	1.0156	0	0.00
2023/07/12	1.0160	1.0160	1.0160	1.0160	0	0.00
2023/07/13	1.0176	1.0176	1.0176	1.0176	0	0.00
2023/07/14	1.0168	1.0168	1.0168	1.0168	0	0.00
2023/07/17	1.0162	1.0162	1.0162	1.0162	0	0.00
2023/07/18	1.0171	1.0171	1.0171	1.0171	0	0.00
2023/07/19	1.0174	1.0174	1.0174	1.0174	0	0.00
2023/07/20	1.0181	1.0181	1.0181	1.0181	0	0.00
2023/07/21	1.0192	1.0192	1.0192	1.0192	0	0.00
2023/07/24	1.0192	1.0192	1.0192	1.0192	0	0.00
2023/07/25	1.0192	1.0192	1.0192	1.0192	0	0.00
2023/07/26	1.0203	1.0203	1.0203	1.0203	0	0.00
2023/07/27	1.0203	1.0203	1.0203	1.0203	0	0.00
2023/07/28	1.0219	1.0219	1.0219	1.0219	0	0.00
2023/07/31	1.0229	1.0229	1.0229	1.0229	0	0.00
2023/08/01	1.0226	1.0226	1.0226	1.0226	0	0.00
2023/08/02	1.0223	1.0223	1.0223	1.0223	0	0.00
2023/08/03	1.0236	1.0236	1.0236	1.0236	0	0.00
2023/08/04	1.0234	1.0234	1.0234	1.0234	0	0.00
2023/08/07	1.0232	1.0232	1.0232	1.0232	0	0.00
2023/08/08	1.0231	1.0231	1.0231	1.0231	0	0.00
2023/08/09	1.0230	1.0230	1.0230	1.0230	0	0.00
2023/08/10	1.0236	1.0236	1.0236	1.0236	0	0.00
2023/08/11	1.0222	1.0222	1.0222	1.0222	0	0.00
2023/08/14	1.0231	1.0231	1.0231	1.0231	0	0.00
2023/08/15	1.0247	1.0247	1.0247	1.0247	0	0.00
2023/08/16	1.0253	1.0253	1.0253	1.0253	0	0.00
2023/08/17	1.0256	1.0256	1.0256	1.0256	0	0.00
2023/08/18	1.0249	1.0249	1.0249	1.0249	0	0.00
2023/08/21	1.0254	1.0254	1.0254	1.0254	0	0.00
2023/08/22	1.0248	1.0248	1.0248	1.0248	0	0.00
2023/08/23	1.0231	1.0231	1.0231	1.0231	0	0.00
2023/08/24	1.0239	1.0239	1.0239	1.0239	0	0.00
2023/08/25	1.0231	1.0231	1.0231	1.0231	0	0.00
2023/08/28	1.0230	1.0230	1.0230	1.0230	0	0.00
2023/08/29	1.0233	1.0233	1.0233	1.0233	0	0.00
2023/08/30	1.0239	1.0239	1.0239	1.0239	0	0.00
2023/08/31	1.0234	1.0234	1.0234	1.0234	0	0.00
2023/09/01	1.0234	1.0234	1.0234	1.0234	0	0.00
2023/09/04	1.0230	1.0230	1.0230	1.0230	0	0.00
2023/09/05	1.0228	1.0228	1.0228	1.0228	0	0.00
2023/09/06	1.0212	1.0212	1.0212	1.0212	0	0.00
2023/09/07	1.0191	1.0191	1.0191	1.0191	0	0.00
2023/09/08	1.0186	1.0186	1.0186	1.0186	0	0.00
2023/09/11	1.0183	1.0183	1.0183	1.0183	0	0.00
2023/09/12	1.0191	1.0191	1.0191	1.0191	0	0.00
2023/09/13	1.0195	1.0195	1.0195	1.0195	0	0.00
2023/09/14	1.0202	1.0202	1.0202	1.0202	0	0.00
2023/09/15	1.0190	1.0190	1.0190	1.0190	0	0.00
2023/09/18	1.0183	1.0183	1.0183	1.0183	0	0.00
2023/09/19	1.0181	1.0181	1.0181	1.0181	0	0.00
2023/09/20	1.0180	1.0180	1.0180	1.0180	0	0.00
2023/09/21	1.0176	1.0176	1.0176	1.0176	0	0.00
2023/09/22	1.0180	1.0180	1.0180	1.0180	0	0.00
2023/09/25	1.0173	1.0173	1.0173	1.0173	0	0.00
2023/09/26	1.0161	1.0161	1.0161	1.0161	0	0.00
2023/09/27	1.0165	1.0165	1.0165	1.0165	0	0.00
2023/09/28	1.0169	1.0169	1.0169	1.0169	0	0.00
2023/10/09	1.0168	1.0168	1.0168	1.0168	0	0.00
2023/10/10	1.0156	1.0156	1.0156	1.0156	0	0.00
2023/10/11	1.0147	1.0147	1.0147	1.0147	0	0.00
2023/10/12	1.0160	1.0160	1.0160	1.0160	0	0.00
2023/10/13	1.0149	1.0149	1.0149	1.0149	0	0.00
2023/10/16	1.0142	1.0142	1.0142	1.0142	0	0.00
2023/10/17	1.0145	1.0145	1.0145	1.0145	0	0.00
2023/10/18	1.0127	1.0127	1.0127	1.0127	0	0.00
2023/10/19	1.0100	1.0100	1.0100	1.0100	0	0.00
2023/10/20	1.0101	1.0101	1.0101	1.0101	0	0.00
2023/10/23	1.0090	1.0090	1.0090	1.0090	0	0.00
2023/10/24	1.0086	1.0086	1.0086	1.0086	0	0.00
2023/10/25	1.0096	1.0096	1.0096	1.0096	0	0.00
2023/10/26	1.0109	1.0109	1.0109	1.0109	0	0.00
2023/10/27	1.0135	1.0135	1.0135	1.0135	0	0.00
2023/10/30	1.0148	1.0148	1.0148	1.0148	0	0.00
2023/10/31	1.0152	1.0152	1.0152	1.0152	0	0.00
2023/11/01	1.0145	1.0145	1.0145	1.0145	0	0.00
2023/11/02	1.0146	1.0146	1.0146	1.0146	0	0.00
2023/11/03	1.0156	1.0156	1.0156	1.0156	0	0.00
2023/11/06	1.0161	1.0161	1.0161	1.0161	0	0.00
2023/11/07	1.0157	1.0157	1.0157	1.0157	0	0.00
2023/11/08	1.0152	1.0152	1.0152	1.0152	0	0.00
2023/11/09	1.0163	1.0163	1.0163	1.0163	0	0.00
2023/11/10	1.0163	1.0163	1.0163	1.0163	0	0.00
2023/11/13	1.0166	1.0166	1.0166	1.0166	0	0.00
2023/11/14	1.0167	1.0167	1.0167	1.0167	0	0.00
2023/11/15	1.0179	1.0179	1.0179	1.0179	0	0.00
2023/11/16	1.0175	1.0175	1.0175	1.0175	0	0.00
2023/11/17	1.0177	1.0177	1.0177	1.0177	0	0.00
2023/11/20	1.0182	1.0182	1.0182	1.0182	0	0.00
2023/11/21	1.0181	1.0181	1.0181	1.0181	0	0.00
2023/11/22	1.0167	1.0167	1.0167	1.0167	0	0.00
2023/11/23	1.0163	1.0163	1.0163	1.0163	0	0.00
2023/11/24	1.0157	1.0157	1.0157	1.0157	0	0.00
2023/11/27	1.0146	1.0146	1.0146	1.0146	0	0.00
2023/11/28	1.0149	1.0149	1.0149	1.0149	0	0.00
2023/11/29	1.0137	1.0137	1.0137	1.0137	0	0.00
2023/11/30	1.0152	1.0152	1.0152	1.0152	0	0.00
2023/12/01	1.0143	1.0143	1.0143	1.0143	0	0.00
2023/12/04	1.0136	1.0136	1.0136	1.0136	0	0.00
2023/12/05	1.0127	1.0127	1.0127	1.0127	0	0.00
2023/12/06	1.0124	1.0124	1.0124	1.0124	0	0.00
2023/12/07	1.0123	1.0123	1.0123	1.0123	0	0.00
2023/12/08	1.0127	1.0127	1.0127	1.0127	0	0.00
2023/12/11	1.0137	1.0137	1.0137	1.0137	0	0.00
2023/12/12	1.0141	1.0141	1.0141	1.0141	0	0.00
2023/12/13	1.0136	1.0136	1.0136	1.0136	0	0.00
2023/12/14	1.0132	1.0132	1.0132	1.0132	0	0.00
2023/12/15	1.0140	1.0140	1.0140	1.0140	0	0.00
2023/12/18	1.0144	1.0144	1.0144	1.0144	0	0.00
2023/12/19	1.0141	1.0141	1.0141	1.0141	0	0.00
2023/12/20	1.0145	1.0145	1.0145	1.0145	0	0.00
2023/12/21	1.0161	1.0161	1.0161	1.0161	0	0.00
2023/12/22	1.0171	1.0171	1.0171	1.0171	0	0.00
2023/12/25	1.0188	1.0188	1.0188	1.0188	0	0.00
2023/12/26	1.0186	1.0186	1.0186	1.0186	0	0.00
2023/12/27	1.0195	1.0195	1.0195	1.0195	0	0.00
2023/12/28	1.0213	1.0213	1.0213	1.0213	0	0.00
2023/12/29	1.0218	1.0218	1.0218	1.0218	0	0.00
2023/12/31	1.0219	1.0219	1.0219	1.0219	0	0.00
2024/01/02	1.0204	1.0204	1.0204	1.0204	0	0.00
2024/01/03	1.0206	1.0206	1.0206	1.0206	0	0.00
2024/01/04	1.0199	1.0199	1.0199	1.0199	0	0.00
2024/01/05	1.0197	1.0197	1.0197	1.0197	0	0.00
2024/01/08	1.0174	1.0174	1.0174	1.0174	0	0.00
2024/01/09	1.0183	1.0183	1.0183	1.0183	0	0.00
2024/01/10	1.0180	1.0180	1.0180	1.0180	0	0.00
2024/01/11	1.0186	1.0186	1.0186	1.0186	0	0.00
2024/01/12	1.0186	1.0186	1.0186	1.0186	0	0.00
2024/01/15	1.0186	1.0186	1.0186	1.0186	0	0.00
2024/01/16	1.0183	1.0183	1.0183	1.0183	0	0.00
2024/01/17	1.0139	1.0139	1.0139	1.0139	0	0.00
2024/01/18	1.0154	1.0154	1.0154	1.0154	0	0.00
2024/01/19	1.0148	1.0148	1.0148	1.0148	0	0.00
2024/01/22	1.0123	1.0123	1.0123	1.0123	0	0.00
2024/01/23	1.0145	1.0145	1.0145	1.0145	0	0.00
2024/01/24	1.0176	1.0176	1.0176	1.0176	0	0.00
2024/01/25	1.0206	1.0206	1.0206	1.0206	0	0.00
2024/01/26	1.0204	1.0204	1.0204	1.0204	0	0.00
2024/01/29	1.0208	1.0208	1.0208	1.0208	0	0.00
2024/01/30	1.0189	1.0189	1.0189	1.0189	0	0.00
2024/01/31	1.0185	1.0185	1.0185	1.0185	0	0.00
2024/02/01	1.0182	1.0182	1.0182	1.0182	0	0.00
2024/02/02	1.0177	1.0177	1.0177	1.0177	0	0.00
2024/02/05	1.0186	1.0186	1.0186	1.0186	0	0.00
2024/02/06	1.0224	1.0224	1.0224	1.0224	0	0.00
2024/02/07	1.0234	1.0234	1.0234	1.0234	0	0.00
2024/02/08	1.0239	1.0239	1.0239	1.0239	0	0.00
2024/02/19	1.0252	1.0252	1.0252	1.0252	0	0.00
2024/02/20	1.0261	1.0261	1.0261	1.0261	0	0.00
2024/02/21	1.0284	1.0284	1.0284	1.0284	0	0.00
2024/02/22	1.0300	1.0300	1.0300	1.0300	0	0.00
2024/02/23	1.0300	1.0300	1.0300	1.0300	0	0.00
2024/02/26	1.0294	1.0294	1.0294	1.0294	0	0.00
2024/02/27	1.0301	1.0301	1.0301	1.0301	0	0.00
2024/02/28	1.0281	1.0281	1.0281	1.0281	0	0.00
2024/02/29	1.0295	1.0295	1.0295	1.0295	0	0.00
2024/03/01	1.0299	1.0299	1.0299	1.0299	0	0.00
2024/03/04	1.0301	1.0301	1.0301	1.0301	0	0.00
2024/03/05	1.0291	1.0291	1.0291	1.0291	0	0.00
2024/03/06	1.0303	1.0303	1.0303	1.0303	0	0.00
2024/03/07	1.0303	1.0303	1.0303	1.0303	0	0.00
2024/03/08	1.0306	1.0306	1.0306	1.0306	0	0.00
2024/03/11	1.0313	1.0313	1.0313	1.0313	0	0.00
2024/03/12	1.0315	1.0315	1.0315	1.0315	0	0.00
2024/03/13	1.0309	1.0309	1.0309	1.0309	0	0.00
2024/03/14	1.0308	1.0308	1.0308	1.0308	0	0.00
2024/03/15	1.0316	1.0316	1.0316	1.0316	0	0.00
2024/03/18	1.0319	1.0319	1.0319	1.0319	0	0.00
2024/03/19	1.0312	1.0312	1.0312	1.0312	0	0.00
2024/03/20	1.0310	1.0310	1.0310	1.0310	0	0.00
2024/03/21	1.0312	1.0312	1.0312	1.0312	0	0.00
2024/03/22	1.0298	1.0298	1.0298	1.0298	0	0.00
2024/03/25	1.0303	1.0303	1.0303	1.0303	0	0.00
2024/03/26	1.0303	1.0303	1.0303	1.0303	0	0.00
2024/03/27	1.0303	1.0303	1.0303	1.0303	0	0.00
2024/03/28	1.0320	1.0320	1.0320	1.0320	0	0.00
2024/03/29	1.0332	1.0332	1.0332	1.0332	0	0.00
2024/03/31	1.0333	1.0333	1.0333	1.0333	0	0.00
2024/04/01	1.0335	1.0335	1.0335	1.0335	0	0.00
2024/04/02	1.0353	1.0353	1.0353	1.0353	0	0.00
2024/04/03	1.0372	1.0372	1.0372	1.0372	0	0.00
2024/04/08	1.0372	1.0372	1.0372	1.0372	0	0.00
2024/04/09	1.0369	1.0369	1.0369	1.0369	0	0.00
2024/04/10	1.0367	1.0367	1.0367	1.0367	0	0.00
2024/04/11	1.0376	1.0376	1.0376	1.0376	0	0.00
2024/04/12	1.0387	1.0387	1.0387	1.0387	0	0.00
2024/04/15	1.0407	1.0407	1.0407	1.0407	0	0.00
2024/04/16	1.0398	1.0398	1.0398	1.0398	0	0.00
2024/04/17	1.0429	1.0429	1.0429	1.0429	0	0.00
2024/04/18	1.0444	1.0444	1.0444	1.0444	0	0.00
2024/04/19	1.0459	1.0459	1.0459	1.0459	0	0.00
2024/04/22	1.0477	1.0477	1.0477	1.0477	0	0.00
2024/04/23	1.0481	1.0481	1.0481	1.0481	0	0.00
2024/04/24	1.0462	1.0462	1.0462	1.0462	0	0.00
2024/04/25	1.0444	1.0444	1.0444	1.0444	0	0.00
2024/04/26	1.0424	1.0424	1.0424	1.0424	0	0.00
2024/04/29	1.0399	1.0399	1.0399	1.0399	0	0.00
2024/04/30	1.0428	1.0428	1.0428	1.0428	0	0.00
2024/05/06	1.0461	1.0461	1.0461	1.0461	0	0.00
2024/05/07	1.0469	1.0469	1.0469	1.0469	0	0.00
2024/05/08	1.0455	1.0455	1.0455	1.0455	0	0.00
2024/05/09	1.0473	1.0473	1.0473	1.0473	0	0.00
2024/05/10	1.0488	1.0488	1.0488	1.0488	0	0.00
2024/05/13	1.0525	1.0525	1.0525	1.0525	0	0.00
2024/05/14	1.0530	1.0530	1.0530	1.0530	0	0.00
2024/05/15	1.0517	1.0517	1.0517	1.0517	0	0.00
2024/05/16	1.0511	1.0511	1.0511	1.0511	0	0.00
2024/05/17	1.0526	1.0526	1.0526	1.0526	0	0.00
2024/05/20	1.0545	1.0545	1.0545	1.0545	0	0.00
2024/05/21	1.0528	1.0528	1.0528	1.0528	0	0.00
2024/05/22	1.0535	1.0535	1.0535	1.0535	0	0.00
2024/05/23	1.0525	1.0525	1.0525	1.0525	0	0.00
2024/05/24	1.0510	1.0510	1.0510	1.0510	0	0.00
2024/05/27	1.0532	1.0532	1.0532	1.0532	0	0.00
2024/05/28	1.0543	1.0543	1.0543	1.0543	0	0.00
2024/05/29	1.0547	1.0547	1.0547	1.0547	0	0.00
2024/05/30	1.0540	1.0540	1.0540	1.0540	0	0.00
2024/05/31	1.0525	1.0525	1.0525	1.0525	0	0.00
2024/06/03	1.0539	1.0539	1.0539	1.0539	0	0.00
2024/06/04	1.0554	1.0554	1.0554	1.0554	0	0.00
2024/06/05	1.0547	1.0547	1.0547	1.0547	0	0.00
2024/06/06	1.0554	1.0554	1.0554	1.0554	0	0.00
2024/06/07	1.0554	1.0554	1.0554	1.0554	0	0.00
2024/06/11	1.0548	1.0548	1.0548	1.0548	0	0.00
2024/06/12	1.0547	1.0547	1.0547	1.0547	0	0.00
2024/06/13	1.0555	1.0555	1.0555	1.0555	0	0.00
2024/06/14	1.0557	1.0557	1.0557	1.0557	0	0.00
2024/06/17	1.0555	1.0555	1.0555	1.0555	0	0.00
2024/06/18	1.0559	1.0559	1.0559	1.0559	0	0.00
2024/06/19	1.0566	1.0566	1.0566	1.0566	0	0.00
2024/06/20	1.0564	1.0564	1.0564	1.0564	0	0.00
2024/06/21	1.0557	1.0557	1.0557	1.0557	0	0.00
2024/06/24	1.0547	1.0547	1.0547	1.0547	0	0.00
2024/06/25	1.0546	1.0546	1.0546	1.0546	0	0.00
2024/06/26	1.0559	1.0559	1.0559	1.0559	0	0.00
2024/06/27	1.0549	1.0549	1.0549	1.0549	0	0.00
2024/06/28	1.0558	1.0558	1.0558	1.0558	0	0.00
2024/06/30	1.0558	1.0558	1.0558	1.0558	0	0.00
2024/07/01	1.0551	1.0551	1.0551	1.0551	0	0.00
2024/07/02	1.0546	1.0546	1.0546	1.0546	0	0.00
2024/07/03	1.0543	1.0543	1.0543	1.0543	0	0.00
2024/07/04	1.0534	1.0534	1.0534	1.0534	0	0.00
2024/07/05	1.0524	1.0524	1.0524	1.0524	0	0.00
2024/07/08	1.0513	1.0513	1.0513	1.0513	0	0.00
2024/07/09	1.0524	1.0524	1.0524	1.0524	0	0.00
2024/07/10	1.0524	1.0524	1.0524	1.0524	0	0.00
2024/07/11	1.0534	1.0534	1.0534	1.0534	0	0.00
2024/07/12	1.0533	1.0533	1.0533	1.0533	0	0.00
2024/07/15	1.0531	1.0531	1.0531	1.0531	0	0.00
2024/07/16	1.0532	1.0532	1.0532	1.0532	0	0.00
2024/07/17	1.0527	1.0527	1.0527	1.0527	0	0.00
2024/07/18	1.0529	1.0529	1.0529	1.0529	0	0.00
2024/07/19	1.0529	1.0529	1.0529	1.0529	0	0.00
2024/07/22	1.0535	1.0535	1.0535	1.0535	0	0.00
2024/07/23	1.0521	1.0521	1.0521	1.0521	0	0.00
2024/07/24	1.0521	1.0521	1.0521	1.0521	0	0.00
2024/07/25	1.0522	1.0522	1.0522	1.0522	0	0.00
2024/07/26	1.0528	1.0528	1.0528	1.0528	0	0.00
2024/07/29	1.0532	1.0532	1.0532	1.0532	0	0.00
2024/07/30	1.0528	1.0528	1.0528	1.0528	0	0.00
2024/07/31	1.0539	1.0539	1.0539	1.0539	0	0.00
2024/08/01	1.0534	1.0534	1.0534	1.0534	0	0.00
2024/08/02	1.0525	1.0525	1.0525	1.0525	0	0.00
2024/08/05	1.0511	1.0511	1.0511	1.0511	0	0.00
2024/08/06	1.0532	1.0532	1.0532	1.0532	0	0.00
2024/08/07	1.0539	1.0539	1.0539	1.0539	0	0.00
2024/08/08	1.0530	1.0530	1.0530	1.0530	0	0.00
2024/08/09	1.0527	1.0527	1.0527	1.0527	0	0.00
2024/08/12	1.0514	1.0514	1.0514	1.0514	0	0.00
2024/08/13	1.0518	1.0518	1.0518	1.0518	0	0.00
2024/08/14	1.0507	1.0507	1.0507	1.0507	0	0.00
2024/08/15	1.0505	1.0505	1.0505	1.0505	0	0.00
2024/08/16	1.0509	1.0509	1.0509	1.0509	0	0.00
2024/08/19	1.0512	1.0512	1.0512	1.0512	0	0.00
2024/08/20	1.0510	1.0510	1.0510	1.0510	0	0.00
2024/08/21	1.0515	1.0515	1.0515	1.0515	0	0.00
2024/08/22	1.0515	1.0515	1.0515	1.0515	0	0.00
2024/08/23	1.0510	1.0510	1.0510	1.0510	0	0.00
2024/08/26	1.0511	1.0511	1.0511	1.0511	0	0.00
2024/08/27	1.0505	1.0505	1.0505	1.0505	0	0.00
2024/08/28	1.0500	1.0500	1.0500	1.0500	0	0.00
2024/08/29	1.0500	1.0500	1.0500	1.0500	0	0.00
2024/08/30	1.0499	1.0499	1.0499	1.0499	0	0.00
2024/09/02	1.0500	1.0500	1.0500	1.0500	0	0.00
2024/09/03	1.0507	1.0507	1.0507	1.0507	0	0.00
2024/09/04	1.0509	1.0509	1.0509	1.0509	0	0.00
2024/09/05	1.0514	1.0514	1.0514	1.0514	0	0.00
2024/09/06	1.0503	1.0503	1.0503	1.0503	0	0.00
2024/09/09	1.0490	1.0490	1.0490	1.0490	0	0.00
2024/09/10	1.0492	1.0492	1.0492	1.0492	0	0.00
2024/09/11	1.0511	1.0511	1.0511	1.0511	0	0.00
2024/09/12	1.0509	1.0509	1.0509	1.0509	0	0.00
2024/09/13	1.0500	1.0500	1.0500	1.0500	0	0.00
2024/09/18	1.0509	1.0509	1.0509	1.0509	0	0.00
2024/09/19	1.0515	1.0515	1.0515	1.0515	0	0.00
2024/09/20	1.0517	1.0517	1.0517	1.0517	0	0.00
2024/09/23	1.0518	1.0518	1.0518	1.0518	0	0.00
2024/09/24	1.0539	1.0539	1.0539	1.0539	0	0.00
2024/09/25	1.0554	1.0554	1.0554	1.0554	0	0.00
2024/09/26	1.0642	1.0642	1.0642	1.0642	0	0.00
2024/09/27	1.0742	1.0742	1.0742	1.0742	0	0.00
2024/09/30	1.0913	1.0913	1.0913	1.0913	0	0.00
2024/10/08	1.1005	1.1005	1.1005	1.1005	0	0.00
2024/10/09	1.0936	1.0936	1.0936	1.0936	0	0.00
2024/10/10	1.0952	1.0952	1.0952	1.0952	0	0.00
2024/10/11	1.0921	1.0921	1.0921	1.0921	0	0.00
2024/10/14	1.0969	1.0969	1.0969	1.0969	0	0.00
2024/10/15	1.0939	1.0939	1.0939	1.0939	0	0.00
2024/10/16	1.0936	1.0936	1.0936	1.0936	0	0.00
2024/10/17	1.0934	1.0934	1.0934	1.0934	0	0.00
2024/10/18	1.0940	1.0940	1.0940	1.0940	0	0.00
2024/10/21	1.0938	1.0938	1.0938	1.0938	0	0.00
2024/10/22	1.0938	1.0938	1.0938	1.0938	0	0.00
2024/10/23	1.0930	1.0930	1.0930	1.0930	0	0.00
2024/10/24	1.0915	1.0915	1.0915	1.0915	0	0.00
2024/10/25	1.0915	1.0915	1.0915	1.0915	0	0.00
2024/10/28	1.0918	1.0918	1.0918	1.0918	0	0.00
2024/10/29	1.0913	1.0913	1.0913	1.0913	0	0.00
2024/10/30	1.0916	1.0916	1.0916	1.0916	0	0.00
2024/10/31	1.0926	1.0926	1.0926	1.0926	0	0.00
2024/11/01	1.0943	1.0943	1.0943	1.0943	0	0.00
2024/11/04	1.0959	1.0959	1.0959	1.0959	0	0.00
2024/11/05	1.0988	1.0988	1.0988	1.0988	0	0.00
2024/11/06	1.0982	1.0982	1.0982	1.0982	0	0.00
2024/11/07	1.1029	1.1029	1.1029	1.1029	0	0.00
2024/11/08	1.1022	1.1022	1.1022	1.1022	0	0.00
2024/11/11	1.1044	1.1044	1.1044	1.1044	0	0.00
2024/11/12	1.1042	1.1042	1.1042	1.1042	0	0.00
2024/11/13	1.1047	1.1047	1.1047	1.1047	0	0.00
2024/11/14	1.1012	1.1012	1.1012	1.1012	0	0.00
2024/11/15	1.0990	1.0990	1.0990	1.0990	0	0.00
2024/11/18	1.0963	1.0963	1.0963	1.0963	0	0.00
2024/11/19	1.0992	1.0992	1.0992	1.0992	0	0.00
2024/11/20	1.0991	1.0991	1.0991	1.0991	0	0.00
2024/11/21	1.0999	1.0999	1.0999	1.0999	0	0.00
2024/11/22	1.0985	1.0985	1.0985	1.0985	0	0.00
2024/11/25	1.0995	1.0995	1.0995	1.0995	0	0.00
2024/11/26	1.0991	1.0991	1.0991	1.0991	0	0.00
2024/11/27	1.1010	1.1010	1.1010	1.1010	0	0.00
2024/11/28	1.1011	1.1011	1.1011	1.1011	0	0.00
2024/11/29	1.1027	1.1027	1.1027	1.1027	0	0.00
2024/12/02	1.1065	1.1065	1.1065	1.1065	0	0.00
2024/12/03	1.1077	1.1077	1.1077	1.1077	0	0.00
2024/12/04	1.1083	1.1083	1.1083	1.1083	0	0.00
2024/12/05	1.1079	1.1079	1.1079	1.1079	0	0.00
2024/12/06	1.1085	1.1085	1.1085	1.1085	0	0.00
2024/12/09	1.1110	1.1110	1.1110	1.1110	0	0.00
2024/12/10	1.1102	1.1102	1.1102	1.1102	0	0.00
2024/12/11	1.1111	1.1111	1.1111	1.1111	0	0.00
2024/12/12	1.1135	1.1135	1.1135	1.1135	0	0.00
2024/12/13	1.1106	1.1106	1.1106	1.1106	0	0.00
2024/12/16	1.1126	1.1126	1.1126	1.1126	0	0.00
2024/12/17	1.1119	1.1119	1.1119	1.1119	0	0.00
2024/12/18	1.1124	1.1124	1.1124	1.1124	0	0.00
2024/12/19	1.1114	1.1114	1.1114	1.1114	0	0.00
2024/12/20	1.1118	1.1118	1.1118	1.1118	0	0.00
2024/12/23	1.1129	1.1129	1.1129	1.1129	0	0.00
2024/12/24	1.1132	1.1132	1.1132	1.1132	0	0.00
2024/12/25	1.1134	1.1134	1.1134	1.1134	0	0.00
2024/12/26	1.1130	1.1130	1.1130	1.1130	0	0.00
2024/12/27	1.1141	1.1141	1.1141	1.1141	0	0.00
2024/12/30	1.1149	1.1149	1.1149	1.1149	0	0.00
2024/12/31	1.1163	1.1163	1.1163	1.1163	0	0.00
2025/01/02	1.1148	1.1148	1.1148	1.1148	0	0.00
2025/01/03	1.1140	1.1140	1.1140	1.1140	0	0.00
2025/01/06	1.1136	1.1136	1.1136	1.1136	0	0.00
2025/01/07	1.1139	1.1139	1.1139	1.1139	0	0.00
2025/01/08	1.1139	1.1139	1.1139	1.1139	0	0.00
2025/01/09	1.1126	1.1126	1.1126	1.1126	0	0.00
2025/01/10	1.1110	1.1110	1.1110	1.1110	0	0.00
2025/01/13	1.1098	1.1098	1.1098	1.1098	0	0.00
2025/01/14	1.1110	1.1110	1.1110	1.1110	0	0.00
2025/01/15	1.1112	1.1112	1.1112	1.1112	0	0.00
2025/01/16	1.1106	1.1106	1.1106	1.1106	0	0.00
2025/01/17	1.1107	1.1107	1.1107	1.1107	0	0.00
2025/01/20	1.1111	1.1111	1.1111	1.1111	0	0.00
2025/01/21	1.1113	1.1113	1.1113	1.1113	0	0.00
2025/01/22	1.1111	1.1111	1.1111	1.1111	0	0.00
2025/01/23	1.1106	1.1106	1.1106	1.1106	0	0.00
2025/01/24	1.1105	1.1105	1.1105	1.1105	0	0.00
2025/01/27	1.1124	1.1124	1.1124	1.1124	0	0.00
2025/02/05	1.1122	1.1122	1.1122	1.1122	0	0.00
2025/02/06	1.1128	1.1128	1.1128	1.1128	0	0.00
2025/02/07	1.1139	1.1139	1.1139	1.1139	0	0.00
2025/02/10	1.1141	1.1141	1.1141	1.1141	0	0.00
2025/02/11	1.1137	1.1137	1.1137	1.1137	0	0.00
2025/02/12	1.1140	1.1140	1.1140	1.1140	0	0.00
2025/02/13	1.1135	1.1135	1.1135	1.1135	0	0.00
2025/02/14	1.1143	1.1143	1.1143	1.1143	0	0.00
2025/02/17	1.1133	1.1133	1.1133	1.1133	0	0.00
2025/02/18	1.1111	1.1111	1.1111	1.1111	0	0.00
2025/02/19	1.1118	1.1118	1.1118	1.1118	0	0.00
2025/02/20	1.1115	1.1115	1.1115	1.1115	0	0.00
2025/02/21	1.1116	1.1116	1.1116	1.1116	0	0.00
2025/02/24	1.1101	1.1101	1.1101	1.1101	0	0.00
2025/02/25	1.1082	1.1082	1.1082	1.1082	0	0.00
2025/02/26	1.1095	1.1095	1.1095	1.1095	0	0.00
2025/02/27	1.1085	1.1085	1.1085	1.1085	0	0.00
2025/02/28	1.1052	1.1052	1.1052	1.1052	0	0.00
2025/03/03	1.1062	1.1062	1.1062	1.1062	0	0.00
2025/03/04	1.1075	1.1075	1.1075	1.1075	0	0.00
2025/03/05	1.1079	1.1079	1.1079	1.1079	0	0.00
2025/03/06	1.1087	1.1087	1.1087	1.1087	0	0.00
2025/03/07	1.1077	1.1077	1.1077	1.1077	0	0.00
2025/03/10	1.1074	1.1074	1.1074	1.1074	0	0.00
2025/03/11	1.1064	1.1064	1.1064	1.1064	0	0.00
2025/03/12	1.1070	1.1070	1.1070	1.1070	0	0.00
2025/03/13	1.1072	1.1072	1.1072	1.1072	0	0.00
2025/03/14	1.1103	1.1103	1.1103	1.1103	0	0.00
2025/03/17	1.1094	1.1094	1.1094	1.1094	0	0.00
2025/03/18	1.1104	1.1104	1.1104	1.1104	0	0.00
2025/03/19	1.1104	1.1104	1.1104	1.1104	0	0.00
2025/03/20	1.1106	1.1106	1.1106	1.1106	0	0.00
2025/03/21	1.1094	1.1094	1.1094	1.1094	0	0.00
2025/03/24	1.1108	1.1108	1.1108	1.1108	0	0.00
2025/03/25	1.1107	1.1107	1.1107	1.1107	0	0.00
2025/03/26	1.1115	1.1115	1.1115	1.1115	0	0.00
2025/03/27	1.1122	1.1122	1.1122	1.1122	0	0.00
2025/03/28	1.1112	1.1112	1.1112	1.1112	0	0.00
2025/03/31	1.1100	1.1100	1.1100	1.1100	0	0.00
2025/04/01	1.1114	1.1114	1.1114	1.1114	0	0.00
2025/04/02	1.1130	1.1130	1.1130	1.1130	0	0.00
2025/04/03	1.1133	1.1133	1.1133	1.1133	0	0.00
2025/04/07	1.1064	1.1064	1.1064	1.1064	0	0.00
2025/04/08	1.1066	1.1066	1.1066	1.1066	0	0.00
2025/04/09	1.1078	1.1078	1.1078	1.1078	0	0.00
2025/04/10	1.1088	1.1088	1.1088	1.1088	0	0.00
2025/04/11	1.1097	1.1097	1.1097	1.1097	0	0.00
2025/04/14	1.1120	1.1120	1.1120	1.1120	0	0.00
2025/04/15	1.1120	1.1120	1.1120	1.1120	0	0.00
2025/04/16	1.1101	1.1101	1.1101	1.1101	0	0.00
2025/04/17	1.1104	1.1104	1.1104	1.1104	0	0.00
2025/04/18	1.1105	1.1105	1.1105	1.1105	0	0.00
2025/04/21	1.1115	1.1115	1.1115	1.1115	0	0.00
2025/04/22	1.1129	1.1129	1.1129	1.1129	0	0.00
2025/04/23	1.1125	1.1125	1.1125	1.1125	0	0.00
2025/04/24	1.1128	1.1128	1.1128	1.1128	0	0.00
2025/04/25	1.1142	1.1142	1.1142	1.1142	0	0.00
2025/04/28	1.1153	1.1153	1.1153	1.1153	0	0.00
2025/04/29	1.1181	1.1181	1.1181	1.1181	0	0.00
2025/04/30	1.1186	1.1186	1.1186	1.1186	0	0.00
2025/05/06	1.1218	1.1218	1.1218	1.1218	0	0.00
2025/05/07	1.1202	1.1202	1.1202	1.1202	0	0.00
2025/05/08	1.1222	1.1222	1.1222	1.1222	0	0.00
2025/05/09	1.1222	1.1222	1.1222	1.1222	0	0.00
2025/05/12	1.1212	1.1212	1.1212	1.1212	0	0.00
2025/05/13	1.1229	1.1229	1.1229	1.1229	0	0.00
2025/05/14	1.1260	1.1260	1.1260	1.1260	0	0.00
2025/05/15	1.1250	1.1250	1.1250	1.1250	0	0.00
2025/05/16	1.1250	1.1250	1.1250	1.1250	0	0.00
2025/05/19	1.1270	1.1270	1.1270	1.1270	0	0.00
2025/05/20	1.1274	1.1274	1.1274	1.1274	0	0.00
2025/05/21	1.1271	1.1271	1.1271	1.1271	0	0.00
2025/05/22	1.1271	1.1271	1.1271	1.1271	0	0.00
2025/05/23	1.1257	1.1257	1.1257	1.1257	0	0.00
2025/05/26	1.1265	1.1265	1.1265	1.1265	0	0.00
2025/05/27	1.1264	1.1264	1.1264	1.1264	0	0.00
2025/05/28	1.1266	1.1266	1.1266	1.1266	0	0.00
2025/05/29	1.1252	1.1252	1.1252	1.1252	0	0.00
2025/05/30	1.1257	1.1257	1.1257	1.1257	0	0.00
2025/06/03	1.1274	1.1274	1.1274	1.1274	0	0.00
2025/06/04	1.1319	1.1319	1.1319	1.1319	0	0.00
2025/06/05	1.1302	1.1302	1.1302	1.1302	0	0.00
2025/06/06	1.1308	1.1308	1.1308	1.1308	0	0.00
2025/06/09	1.1310	1.1310	1.1310	1.1310	0	0.00
2025/06/10	1.1312	1.1312	1.1312	1.1312	0	0.00
2025/06/11	1.1346	1.1346	1.1346	1.1346	0	0.00
2025/06/12	1.1354	1.1354	1.1354	1.1354	0	0.00
2025/06/13	1.1357	1.1357	1.1357	1.1357	0	0.00
2025/06/16	1.1385	1.1385	1.1385	1.1385	0	0.00
2025/06/17	1.1398	1.1398	1.1398	1.1398	0	0.00
2025/06/18	1.1408	1.1408	1.1408	1.1408	0	0.00
2025/06/19	1.1378	1.1378	1.1378	1.1378	0	0.00
2025/06/20	1.1388	1.1388	1.1388	1.1388	0	0.00
2025/06/23	1.1391	1.1391	1.1391	1.1391	0	0.00
2025/06/24	1.1400	1.1400	1.1400	1.1400	0	0.00
2025/06/25	1.1402	1.1402	1.1402	1.1402	0	0.00
2025/06/26	1.1398	1.1398	1.1398	1.1398	0	0.00
2025/06/27	1.1399	1.1399	1.1399	1.1399	0	0.00
2025/06/30	1.1404	1.1404	1.1404	1.1404	0	0.00
2025/07/01	1.1413	1.1413	1.1413	1.1413	0	0.00
2025/07/02	1.1429	1.1429	1.1429	1.1429	0	0.00
2025/07/03	1.1428	1.1428	1.1428	1.1428	0	0.00
2025/07/04	1.1436	1.1436	1.1436	1.1436	0	0.00
2025/07/07	1.1447	1.1447	1.1447	1.1447	0	0.00
2025/07/08	1.1466	1.1466	1.1466	1.1466	0	0.00
2025/07/09	1.1461	1.1461	1.1461	1.1461	0	0.00
2025/07/10	1.1468	1.1468	1.1468	1.1468	0	0.00
2025/07/11	1.1456	1.1456	1.1456	1.1456	0	0.00
2025/07/14	1.1464	1.1464	1.1464	1.1464	0	0.00
2025/07/15	1.1491	1.1491	1.1491	1.1491	0	0.00
2025/07/16	1.1476	1.1476	1.1476	1.1476	0	0.00
2025/07/17	1.1487	1.1487	1.1487	1.1487	0	0.00
2025/07/18	1.1503	1.1503	1.1503	1.1503	0	0.00
2025/07/21	1.1503	1.1503	1.1503	1.1503	0	0.00
2025/07/22	1.1508	1.1508	1.1508	1.1508	0	0.00
2025/07/23	1.1512	1.1512	1.1512	1.1512	0	0.00
2025/07/24	1.1520	1.1520	1.1520	1.1520	0	0.00
2025/07/25	1.1508	1.1508	1.1508	1.1508	0	0.00
2025/07/28	1.1528	1.1528	1.1528	1.1528	0	0.00
2025/07/29	1.1547	1.1547	1.1547	1.1547	0	0.00
2025/07/30	1.1567	1.1567	1.1567	1.1567	0	0.00
2025/07/31	1.1573	1.1573	1.1573	1.1573	0	0.00
2025/08/01	1.1552	1.1552	1.1552	1.1552	0	0.00
2025/08/04	1.1571	1.1571	1.1571	1.1571	0	0.00
2025/08/05	1.1592	1.1592	1.1592	1.1592	0	0.00
2025/08/06	1.1593	1.1593	1.1593	1.1593	0	0.00
2025/08/07	1.1615	1.1615	1.1615	1.1615	0	0.00
2025/08/08	1.1618	1.1618	1.1618	1.1618	0	0.00
2025/08/11	1.1594	1.1594	1.1594	1.1594	0	0.00
2025/08/12	1.1621	1.1621	1.1621	1.1621	0	0.00
2025/08/13	1.1716	1.1716	1.1716	1.1716	0	0.00
2025/08/14	1.1680	1.1680	1.1680	1.1680	0	0.00
2025/08/15	1.1676	1.1676	1.1676	1.1676	0	0.00
2025/08/18	1.1657	1.1657	1.1657	1.1657	0	0.00
2025/08/19	1.1677	1.1677	1.1677	1.1677	0	0.00
2025/08/20	1.1679	1.1679	1.1679	1.1679	0	0.00
2025/08/21	1.1707	1.1707	1.1707	1.1707	0	0.00
2025/08/22	1.1712	1.1712	1.1712	1.1712	0	0.00
2025/08/25	1.1748	1.1748	1.1748	1.1748	0	0.00
2025/08/26	1.1777	1.1777	1.1777	1.1777	0	0.00
2025/08/27	1.1756	1.1756	1.1756	1.1756	0	0.00
2025/08/28	1.1741	1.1741	1.1741	1.1741	0	0.00
2025/08/29	1.1779	1.1779	1.1779	1.1779	0	0.00
2025/09/01	1.1829	1.1829	1.1829	1.1829	0	0.00
2025/09/02	1.1791	1.1791	1.1791	1.1791	0	0.00
2025/09/03	1.1809	1.1809	1.1809	1.1809	0	0.00
2025/09/04	1.1760	1.1760	1.1760	1.1760	0	0.00
2025/09/05	1.1804	1.1804	1.1804	1.1804	0	0.00
2025/09/08	1.1815	1.1815	1.1815	1.1815	0	0.00
2025/09/09	1.1828	1.1828	1.1828	1.1828	0	0.00
2025/09/10	1.1811	1.1811	1.1811	1.1811	0	0.00
2025/09/11	1.1811	1.1811	1.1811	1.1811	0	0.00
2025/09/12	1.1843	1.1843	1.1843	1.1843	0	0.00
2025/09/15	1.1857	1.1857	1.1857	1.1857	0	0.00
2025/09/16	1.1850	1.1850	1.1850	1.1850	0	0.00
2025/09/17	1.1879	1.1879	1.1879	1.1879	0	0.00
2025/09/18	1.1845	1.1845	1.1845	1.1845	0	0.00
2025/09/19	1.1832	1.1832	1.1832	1.1832	0	0.00
2025/09/22	1.1835	1.1835	1.1835	1.1835	0	0.00
2025/09/23	1.1815	1.1815	1.1815	1.1815	0	0.00
2025/09/24	1.1815	1.1815	1.1815	1.1815	0	0.00
2025/09/25	1.1822	1.1822	1.1822	1.1822	0	0.00
2025/09/26	1.1825	1.1825	1.1825	1.1825	0	0.00
2025/09/29	1.1829	1.1829	1.1829	1.1829	0	0.00
2025/09/30	1.1863	1.1863	1.1863	1.1863	0	0.00
2025/10/09	1.1905	1.1905	1.1905	1.1905	0	0.00
2025/10/10	1.1853	1.1853	1.1853	1.1853	0	0.00
2025/10/13	1.1887	1.1887	1.1887	1.1887	0	0.00
2025/10/14	1.1848	1.1848	1.1848	1.1848	0	0.00
2025/10/15	1.1858	1.1858	1.1858	1.1858	0	0.00
2025/10/16	1.1863	1.1863	1.1863	1.1863	0	0.00
2025/10/17	1.1851	1.1851	1.1851	1.1851	0	0.00
2025/10/20	1.1819	1.1819	1.1819	1.1819	0	0.00
2025/10/21	1.1859	1.1859	1.1859	1.1859	0	0.00
2025/10/22	1.1867	1.1867	1.1867	1.1867	0	0.00
2025/10/23	1.1870	1.1870	1.1870	1.1870	0	0.00
2025/10/24	1.1863	1.1863	1.1863	1.1863	0	0.00
2025/10/27	1.1868	1.1868	1.1868	1.1868	0	0.00
2025/10/28	1.1865	1.1865	1.1865	1.1865	0	0.00
2025/10/29	1.1877	1.1877	1.1877	1.1877	0	0.00
2025/10/30	1.1887	1.1887	1.1887	1.1887	0	0.00
2025/10/31	1.1910	1.1910	1.1910	1.1910	0	0.00
2025/11/03	1.1933	1.1933	1.1933	1.1933	0	0.00
2025/11/04	1.1918	1.1918	1.1918	1.1918	0	0.00
2025/11/05	1.1916	1.1916	1.1916	1.1916	0	0.00
2025/11/06	1.1934	1.1934	1.1934	1.1934	0	0.00
2025/11/07	1.1931	1.1931	1.1931	1.1931	0	0.00
2025/11/10	1.1940	1.1940	1.1940	1.1940	0	0.00
2025/11/11	1.1935	1.1935	1.1935	1.1935	0	0.00
2025/11/12	1.1962	1.1962	1.1962	1.1962	0	0.00
2025/11/13	1.1969	1.1969	1.1969	1.1969	0	0.00
2025/11/14	1.1944	1.1944	1.1944	1.1944	0	0.00
2025/11/17	1.1928	1.1928	1.1928	1.1928	0	0.00
2025/11/18	1.1908	1.1908	1.1908	1.1908	0	0.00
2025/11/19	1.1910	1.1910	1.1910	1.1910	0	0.00
2025/11/20	1.1903	1.1903	1.1903	1.1903	0	0.00
2025/11/21	1.1876	1.1876	1.1876	1.1876	0	0.00
2025/11/24	1.1874	1.1874	1.1874	1.1874	0	0.00
2025/11/25	1.1870	1.1870	1.1870	1.1870	0	0.00
2025/11/26	1.1848	1.1848	1.1848	1.1848	0	0.00
2025/11/27	1.1846	1.1846	1.1846	1.1846	0	0.00
2025/11/28	1.1857	1.1857	1.1857	1.1857	0	0.00
2025/12/01	1.1868	1.1868	1.1868	1.1868	0	0.00
2025/12/02	1.1855	1.1855	1.1855	1.1855	0	0.00
2025/12/03	1.1845	1.1845	1.1845	1.1845	0	0.00
2025/12/04	1.1811	1.1811	1.1811	1.1811	0	0.00
2025/12/05	1.1843	1.1843	1.1843	1.1843	0	0.00
2025/12/08	1.1832	1.1832	1.1832	1.1832	0	0.00
2025/12/09	1.1825	1.1825	1.1825	1.1825	0	0.00
2025/12/10	1.1845	1.1845	1.1845	1.1845	0	0.00
2025/12/11	1.1845	1.1845	1.1845	1.1845	0	0.00
2025/12/12	1.1842	1.1842	1.1842	1.1842	0	0.00
2025/12/15	1.1837	1.1837	1.1837	1.1837	0	0.00
2025/12/16	1.1822	1.1822	1.1822	1.1822	0	0.00
2025/12/17	1.1888	1.1888	1.1888	1.1888	0	0.00
2025/12/18	1.1885	1.1885	1.1885	1.1885	0	0.00
2025/12/19	1.1900	1.1900	1.1900	1.1900	0	0.00
2025/12/22	1.1898	1.1898	1.1898	1.1898	0	0.00
2025/12/23	1.1919	1.1919	1.1919	1.1919	0	0.00
2025/12/24	1.1924	1.1924	1.1924	1.1924	0	0.00
2025/12/25	1.1924	1.1924	1.1924	1.1924	0	0.00
2025/12/26	1.1952	1.1952	1.1952	1.1952	0	0.00
2025/12/29	1.1894	1.1894	1.1894	1.1894	0	0.00
2025/12/30	1.1889	1.1889	1.1889	1.1889	0	0.00
2025/12/31	1.1890	1.1890	1.1890	1.1890	0	0.00
2026/01/06	1.1985	1.1985	1.1985	1.1985	0	0.00
2026/01/07	1.1962	1.1962	1.1962	1.1962	0	0.00
2026/01/08	1.1940	1.1940	1.1940	1.1940	0	0.00
2026/01/09	1.1953	1.1953	1.1953	1.1953	0	0.00
2026/01/12	1.1972	1.1972	1.1972	1.1972	0	0.00
2026/01/13	1.1967	1.1967	1.1967	1.1967	0	0.00
2026/01/14	1.1970	1.1970	1.1970	1.1970	0	0.00
2026/01/15	1.1997	1.1997	1.1997	1.1997	0	0.00
2026/01/16	1.2000	1.2000	1.2000	1.2000	0	0.00
2026/01/19	1.2023	1.2023	1.2023	1.2023	0	0.00
2026/01/20	1.2032	1.2032	1.2032	1.2032	0	0.00
2026/01/21	1.2102	1.2102	1.2102	1.2102	0	0.00
2026/01/22	1.2088	1.2088	1.2088	1.2088	0	0.00
2026/01/23	1.2143	1.2143	1.2143	1.2143	0	0.00
2026/01/26	1.2117	1.2117	1.2117	1.2117	0	0.00
2026/01/27	1.2107	1.2107	1.2107	1.2107	0	0.00
2026/01/28	1.2108	1.2108	1.2108	1.2108	0	0.00
2026/01/29	1.2069	1.2069	1.2069	1.2069	0	0.00
2026/01/30	1.2017	1.2017	1.2017	1.2017	0	0.00
2026/02/02	1.1951	1.1951	1.1951	1.1951	0	0.00
2026/02/03	1.1998	1.1998	1.1998	1.1998	0	0.00
2026/02/04	1.1996	1.1996	1.1996	1.1996	0	0.00
2026/02/05	1.1963	1.1963	1.1963	1.1963	0	0.00
2026/02/06	1.1994	1.1994	1.1994	1.1994	0	0.00
2026/02/09	1.2017	1.2017	1.2017	1.2017	0	0.00
2026/02/10	1.2011	1.2011	1.2011	1.2011	0	0.00
2026/02/11	1.2044	1.2044	1.2044	1.2044	0	0.00
2026/02/12	1.2060	1.2060	1.2060	1.2060	0	0.00
2026/02/13	1.2044	1.2044	1.2044	1.2044	0	0.00
2026/02/24	1.2093	1.2093	1.2093	1.2093	0	0.00
2026/02/25	1.2126	1.2126	1.2126	1.2126	0	0.00
2026/02/26	1.2110	1.2110	1.2110	1.2110	0	0.00
2026/02/27	1.2134	1.2134	1.2134	1.2134	0	0.00
2026/03/02	1.2117	1.2117	1.2117	1.2117	0	0.00
2026/03/03	1.2027	1.2027	1.2027	1.2027	0	0.00
2026/03/04	1.2017	1.2017	1.2017	1.2017	0	0.00
2026/03/05	1.2022	1.2022	1.2022	1.2022	0	0.00
2026/03/06	1.2018	1.2018	1.2018	1.2018	0	0.00
2026/03/09	1.1997	1.1997	1.1997	1.1997	0	0.00
2026/03/10	1.2007	1.2007	1.2007	1.2007	0	0.00
2026/03/11	1.2032	1.2032	1.2032	1.2032	0	0.00
2026/03/12	1.2047	1.2047	1.2047	1.2047	0	0.00
2026/03/13	1.2046	1.2046	1.2046	1.2046	0	0.00
2026/03/16	1.2013	1.2013	1.2013	1.2013	0	0.00
2026/03/17	1.1973	1.1973	1.1973	1.1973	0	0.00
2026/03/18	1.1956	1.1956	1.1956	1.1956	0	0.00
2026/03/19	1.1907	1.1907	1.1907	1.1907	0	0.00
2026/03/20	1.1926	1.1926	1.1926	1.1926	0	0.00
2026/03/23	1.1920	1.1920	1.1920	1.1920	0	0.00
2026/03/24	1.1951	1.1951	1.1951	1.1951	0	0.00
2026/03/25	1.1963	1.1963	1.1963	1.1963	0	0.00
2026/03/26	1.1988	1.1988	1.1988	1.1988	0	0.00
2026/03/27	1.2029	1.2029	1.2029	1.2029	0	0.00
2026/03/30	1.2039	1.2039	1.2039	1.2039	0	0.00
2026/03/31	1.2000	1.2000	1.2000	1.2000	0	0.00
2026/04/01	1.1986	1.1986	1.1986	1.1986	0	0.00
2026/04/02	1.1980	1.1980	1.1980	1.1980	0	0.00
2026/04/03	1.1968	1.1968	1.1968	1.1968	0	0.00
2026/04/07	1.1992	1.1992	1.1992	1.1992	0	0.00
2026/04/08	1.2032	1.2032	1.2032	1.2032	0	0.00
2026/04/09	1.2029	1.2029	1.2029	1.2029	0	0.00
2026/04/10	1.2065	1.2065	1.2065	1.2065	0	0.00
2026/04/13	1.2104	1.2104	1.2104	1.2104	0	0.00
2026/04/14	1.2145	1.2145	1.2145	1.2145	0	0.00
2026/04/15	1.2089	1.2089	1.2089	1.2089	0	0.00
2026/04/16	1.2141	1.2141	1.2141	1.2141	0	0.00
2026/04/17	1.2162	1.2162	1.2162	1.2162	0	0.00
2026/04/20	1.2157	1.2157	1.2157	1.2157	0	0.00
2026/04/21	1.2195	1.2195	1.2195	1.2195	0	0.00
2026/04/22	1.2213	1.2213	1.2213	1.2213	0	0.00
2026/04/23	1.2155	1.2155	1.2155	1.2155	0	0.00
2026/04/24	1.2204	1.2204	1.2204	1.2204	0	0.00
2026/04/27	1.2208	1.2208	1.2208	1.2208	0	0.00
2026/04/28	1.2187	1.2187	1.2187	1.2187	0	0.00
2026/04/29	1.2302	1.2302	1.2302	1.2302	0	0.00
2026/04/30	1.2310	1.2310	1.2310	1.2310	0	0.00
2026/05/06	1.2348	1.2348	1.2348	1.2348	0	0.00
2026/05/07	1.2308	1.2308	1.2308	1.2308	0	0.00
2026/05/08	1.2258	1.2258	1.2258	1.2258	0	0.00
2026/05/11	1.2279	1.2279	1.2279	1.2279	0	0.00
2026/05/12	1.2299	1.2299	1.2299	1.2299	0	0.00
2026/05/13	1.2299	1.2299	1.2299	1.2299	0	0.00
2026/05/14	1.2230	1.2230	1.2230	1.2230	0	0.00
2026/05/15	1.2227	1.2227	1.2227	1.2227	0	0.00
2026/05/18	1.2238	1.2238	1.2238	1.2238	0	0.00
2026/05/19	1.2288	1.2288	1.2288	1.2288	0	0.00
2026/05/20	1.2339	1.2339	1.2339	1.2339	0	0.00
2026/05/21	1.2256	1.2256	1.2256	1.2256	0	0.00
2026/05/22	1.2314	1.2314	1.2314	1.2314	0	0.00
2026/05/25	1.2367	1.2367	1.2367	1.2367	0	0.00
2026/05/26	1.2327	1.2327	1.2327	1.2327	0	0.00
2026/05/27	1.2299	1.2299	1.2299	1.2299	0	0.00
2026/05/28	1.2356	1.2356	1.2356	1.2356	0	0.00
2026/05/29	1.2336	1.2336	1.2336	1.2336	0	0.00
2026/06/01	1.2319	1.2319	1.2319	1.2319	0	0.00
2026/06/02	1.2349	1.2349	1.2349	1.2349	0	0.00
2026/06/03	1.2370	1.2370	1.2370	1.2370	0	0.00
2026/06/04	1.2404	1.2404	1.2404	1.2404	0	0.00
2026/06/05	1.2331	1.2331	1.2331	1.2331	0	0.00
2026/06/08	1.2287	1.2287	1.2287	1.2287	0	0.00
2026/06/09	1.2331	1.2331	1.2331	1.2331	0	0.00
2026/06/10	1.2281	1.2281	1.2281	1.2281	0	0.00
2026/06/11	1.2258	1.2258	1.2258	1.2258	0	0.00
2026/06/12	1.2265	1.2265	1.2265	1.2265	0	0.00
2026/06/15	1.2325	1.2325	1.2325	1.2325	0	0.00
2026/06/16	1.2350	1.2350	1.2350	1.2350	0	0.00
2026/06/17	1.2375	1.2375	1.2375	1.2375	0	0.00
2026/06/18	1.2410	1.2410	1.2410	1.2410	0	0.00
2026/06/22	1.2426	1.2426	1.2426	1.2426	0	0.00
2026/06/23	1.2342	1.2342	1.2342	1.2342	0	0.00
2026/06/24	1.2409	1.2409	1.2409	1.2409	0	0.00
2026/06/25	1.2498	1.2498	1.2498	1.2498	0	0.00
2026/06/26	1.2450	1.2450	1.2450	1.2450	0	0.00
2026/06/29	1.2534	1.2534	1.2534	1.2534	0	0.00
#Ъ§ОнРДдД:ЭЈДяаХ
