020840 ФЯЗНАыЕМЬхжИЪ§C ШеЯп ЧАИДШЈ
      ШеЦк	    ПЊХЬ	    зюИп	    зюЕЭ	    ЪеХЬ	    ГЩНЛСП	    ГЩНЛЖю
2024/03/29	1.0000	1.0000	1.0000	1.0000	0	0.00
2024/04/03	0.9996	0.9996	0.9996	0.9996	0	0.00
2024/04/11	0.9885	0.9885	0.9885	0.9885	0	0.00
2024/04/12	0.9868	0.9868	0.9868	0.9868	0	0.00
2024/04/15	1.0011	1.0011	1.0011	1.0011	0	0.00
2024/04/16	0.9882	0.9882	0.9882	0.9882	0	0.00
2024/04/17	1.0050	1.0050	1.0050	1.0050	0	0.00
2024/04/18	0.9948	0.9948	0.9948	0.9948	0	0.00
2024/04/19	0.9651	0.9651	0.9651	0.9651	0	0.00
2024/04/22	0.9648	0.9648	0.9648	0.9648	0	0.00
2024/04/23	0.9688	0.9688	0.9688	0.9688	0	0.00
2024/04/24	0.9821	0.9821	0.9821	0.9821	0	0.00
2024/04/25	0.9862	0.9862	0.9862	0.9862	0	0.00
2024/04/26	1.0082	1.0082	1.0082	1.0082	0	0.00
2024/04/29	1.0506	1.0506	1.0506	1.0506	0	0.00
2024/04/30	1.0341	1.0341	1.0341	1.0341	0	0.00
2024/05/06	1.0411	1.0411	1.0411	1.0411	0	0.00
2024/05/07	1.0333	1.0333	1.0333	1.0333	0	0.00
2024/05/08	1.0197	1.0197	1.0197	1.0197	0	0.00
2024/05/09	1.0375	1.0375	1.0375	1.0375	0	0.00
2024/05/10	1.0067	1.0067	1.0067	1.0067	0	0.00
2024/05/13	0.9922	0.9922	0.9922	0.9922	0	0.00
2024/05/14	0.9907	0.9907	0.9907	0.9907	0	0.00
2024/05/15	0.9810	0.9810	0.9810	0.9810	0	0.00
2024/05/16	0.9835	0.9835	0.9835	0.9835	0	0.00
2024/05/17	0.9943	0.9943	0.9943	0.9943	0	0.00
2024/05/20	0.9941	0.9941	0.9941	0.9941	0	0.00
2024/05/21	0.9955	0.9955	0.9955	0.9955	0	0.00
2024/05/22	0.9925	0.9925	0.9925	0.9925	0	0.00
2024/05/23	0.9805	0.9805	0.9805	0.9805	0	0.00
2024/05/24	0.9594	0.9594	0.9594	0.9594	0	0.00
2024/05/27	0.9952	0.9952	0.9952	0.9952	0	0.00
2024/05/28	0.9945	0.9945	0.9945	0.9945	0	0.00
2024/05/29	0.9849	0.9849	0.9849	0.9849	0	0.00
2024/05/30	1.0020	1.0020	1.0020	1.0020	0	0.00
2024/05/31	0.9924	0.9924	0.9924	0.9924	0	0.00
2024/06/03	1.0203	1.0203	1.0203	1.0203	0	0.00
2024/06/04	1.0255	1.0255	1.0255	1.0255	0	0.00
2024/06/05	1.0322	1.0322	1.0322	1.0322	0	0.00
2024/06/06	1.0380	1.0380	1.0380	1.0380	0	0.00
2024/06/07	1.0412	1.0412	1.0412	1.0412	0	0.00
2024/06/11	1.0816	1.0816	1.0816	1.0816	0	0.00
2024/06/12	1.0743	1.0743	1.0743	1.0743	0	0.00
2024/06/13	1.0790	1.0790	1.0790	1.0790	0	0.00
2024/06/14	1.0658	1.0658	1.0658	1.0658	0	0.00
2024/06/17	1.0814	1.0814	1.0814	1.0814	0	0.00
2024/06/18	1.0801	1.0801	1.0801	1.0801	0	0.00
2024/06/19	1.0789	1.0789	1.0789	1.0789	0	0.00
2024/06/20	1.0830	1.0830	1.0830	1.0830	0	0.00
2024/06/21	1.0865	1.0865	1.0865	1.0865	0	0.00
2024/06/24	1.0595	1.0595	1.0595	1.0595	0	0.00
2024/06/25	1.0192	1.0192	1.0192	1.0192	0	0.00
2024/06/26	1.0358	1.0358	1.0358	1.0358	0	0.00
2024/06/27	1.0189	1.0189	1.0189	1.0189	0	0.00
2024/06/28	1.0168	1.0168	1.0168	1.0168	0	0.00
2024/06/30	1.0167	1.0167	1.0167	1.0167	0	0.00
2024/07/01	1.0193	1.0193	1.0193	1.0193	0	0.00
2024/07/02	1.0047	1.0047	1.0047	1.0047	0	0.00
2024/07/03	1.0210	1.0210	1.0210	1.0210	0	0.00
2024/07/04	1.0059	1.0059	1.0059	1.0059	0	0.00
2024/07/05	1.0039	1.0039	1.0039	1.0039	0	0.00
2024/07/08	1.0048	1.0048	1.0048	1.0048	0	0.00
2024/07/09	1.0363	1.0363	1.0363	1.0363	0	0.00
2024/07/10	1.0297	1.0297	1.0297	1.0297	0	0.00
2024/07/11	1.0307	1.0307	1.0307	1.0307	0	0.00
2024/07/12	1.0465	1.0465	1.0465	1.0465	0	0.00
2024/07/15	1.0569	1.0569	1.0569	1.0569	0	0.00
2024/07/16	1.0806	1.0806	1.0806	1.0806	0	0.00
2024/07/17	1.0828	1.0828	1.0828	1.0828	0	0.00
2024/07/18	1.0999	1.0999	1.0999	1.0999	0	0.00
2024/07/19	1.1124	1.1124	1.1124	1.1124	0	0.00
2024/07/22	1.1103	1.1103	1.1103	1.1103	0	0.00
2024/07/23	1.0590	1.0590	1.0590	1.0590	0	0.00
2024/07/24	1.0425	1.0425	1.0425	1.0425	0	0.00
2024/07/25	1.0350	1.0350	1.0350	1.0350	0	0.00
2024/07/26	1.0498	1.0498	1.0498	1.0498	0	0.00
2024/07/29	1.0336	1.0336	1.0336	1.0336	0	0.00
2024/07/30	1.0456	1.0456	1.0456	1.0456	0	0.00
2024/07/31	1.0868	1.0868	1.0868	1.0868	0	0.00
2024/08/01	1.0908	1.0908	1.0908	1.0908	0	0.00
2024/08/02	1.0677	1.0677	1.0677	1.0677	0	0.00
2024/08/05	1.0155	1.0155	1.0155	1.0155	0	0.00
2024/08/06	1.0247	1.0247	1.0247	1.0247	0	0.00
2024/08/07	1.0139	1.0139	1.0139	1.0139	0	0.00
2024/08/08	1.0252	1.0252	1.0252	1.0252	0	0.00
2024/08/09	1.0195	1.0195	1.0195	1.0195	0	0.00
2024/08/12	1.0155	1.0155	1.0155	1.0155	0	0.00
2024/08/13	1.0230	1.0230	1.0230	1.0230	0	0.00
2024/08/14	1.0024	1.0024	1.0024	1.0024	0	0.00
2024/08/15	1.0078	1.0078	1.0078	1.0078	0	0.00
2024/08/16	1.0062	1.0062	1.0062	1.0062	0	0.00
2024/08/19	1.0011	1.0011	1.0011	1.0011	0	0.00
2024/08/20	0.9898	0.9898	0.9898	0.9898	0	0.00
2024/08/21	0.9852	0.9852	0.9852	0.9852	0	0.00
2024/08/22	0.9695	0.9695	0.9695	0.9695	0	0.00
2024/08/23	0.9572	0.9572	0.9572	0.9572	0	0.00
2024/08/26	0.9571	0.9571	0.9571	0.9571	0	0.00
2024/08/27	0.9507	0.9507	0.9507	0.9507	0	0.00
2024/08/28	0.9558	0.9558	0.9558	0.9558	0	0.00
2024/08/29	0.9667	0.9667	0.9667	0.9667	0	0.00
2024/08/30	0.9965	0.9965	0.9965	0.9965	0	0.00
2024/09/02	0.9588	0.9588	0.9588	0.9588	0	0.00
2024/09/03	0.9636	0.9636	0.9636	0.9636	0	0.00
2024/09/04	0.9591	0.9591	0.9591	0.9591	0	0.00
2024/09/05	0.9598	0.9598	0.9598	0.9598	0	0.00
2024/09/06	0.9422	0.9422	0.9422	0.9422	0	0.00
2024/09/09	0.9396	0.9396	0.9396	0.9396	0	0.00
2024/09/10	0.9505	0.9505	0.9505	0.9505	0	0.00
2024/09/11	0.9486	0.9486	0.9486	0.9486	0	0.00
2024/09/12	0.9377	0.9377	0.9377	0.9377	0	0.00
2024/09/13	0.9254	0.9254	0.9254	0.9254	0	0.00
2024/09/18	0.9258	0.9258	0.9258	0.9258	0	0.00
2024/09/19	0.9276	0.9276	0.9276	0.9276	0	0.00
2024/09/20	0.9179	0.9179	0.9179	0.9179	0	0.00
2024/09/23	0.8998	0.8998	0.8998	0.8998	0	0.00
2024/09/24	0.9329	0.9329	0.9329	0.9329	0	0.00
2024/09/25	0.9336	0.9336	0.9336	0.9336	0	0.00
2024/09/26	0.9700	0.9700	0.9700	0.9700	0	0.00
2024/09/27	1.0407	1.0407	1.0407	1.0407	0	0.00
2024/09/30	1.1950	1.1950	1.1950	1.1950	0	0.00
2024/10/08	1.3686	1.3686	1.3686	1.3686	0	0.00
2024/10/09	1.3793	1.3793	1.3793	1.3793	0	0.00
2024/10/10	1.3196	1.3196	1.3196	1.3196	0	0.00
2024/10/11	1.2407	1.2407	1.2407	1.2407	0	0.00
2024/10/14	1.2740	1.2740	1.2740	1.2740	0	0.00
2024/10/15	1.2518	1.2518	1.2518	1.2518	0	0.00
2024/10/16	1.2289	1.2289	1.2289	1.2289	0	0.00
2024/10/17	1.2291	1.2291	1.2291	1.2291	0	0.00
2024/10/18	1.3723	1.3723	1.3723	1.3723	0	0.00
2024/10/21	1.3931	1.3931	1.3931	1.3931	0	0.00
2024/10/22	1.3753	1.3753	1.3753	1.3753	0	0.00
2024/10/23	1.3546	1.3546	1.3546	1.3546	0	0.00
2024/10/24	1.3565	1.3565	1.3565	1.3565	0	0.00
2024/10/25	1.3687	1.3687	1.3687	1.3687	0	0.00
2024/10/28	1.3555	1.3555	1.3555	1.3555	0	0.00
2024/10/29	1.3521	1.3521	1.3521	1.3521	0	0.00
2024/10/30	1.3381	1.3381	1.3381	1.3381	0	0.00
2024/10/31	1.3752	1.3752	1.3752	1.3752	0	0.00
2024/11/01	1.3355	1.3355	1.3355	1.3355	0	0.00
2024/11/04	1.3760	1.3760	1.3760	1.3760	0	0.00
2024/11/05	1.4264	1.4264	1.4264	1.4264	0	0.00
2024/11/06	1.4329	1.4329	1.4329	1.4329	0	0.00
2024/11/07	1.4826	1.4826	1.4826	1.4826	0	0.00
2024/11/08	1.5141	1.5141	1.5141	1.5141	0	0.00
2024/11/11	1.6106	1.6106	1.6106	1.6106	0	0.00
2024/11/12	1.5734	1.5734	1.5734	1.5734	0	0.00
2024/11/13	1.5691	1.5691	1.5691	1.5691	0	0.00
2024/11/14	1.5153	1.5153	1.5153	1.5153	0	0.00
2024/11/15	1.4390	1.4390	1.4390	1.4390	0	0.00
2024/11/18	1.4224	1.4224	1.4224	1.4224	0	0.00
2024/11/19	1.4621	1.4621	1.4621	1.4621	0	0.00
2024/11/20	1.4555	1.4555	1.4555	1.4555	0	0.00
2024/11/21	1.4627	1.4627	1.4627	1.4627	0	0.00
2024/11/22	1.4078	1.4078	1.4078	1.4078	0	0.00
2024/11/25	1.3914	1.3914	1.3914	1.3914	0	0.00
2024/11/26	1.3802	1.3802	1.3802	1.3802	0	0.00
2024/11/27	1.4126	1.4126	1.4126	1.4126	0	0.00
2024/11/28	1.4064	1.4064	1.4064	1.4064	0	0.00
2024/11/29	1.4399	1.4399	1.4399	1.4399	0	0.00
2024/12/02	1.4483	1.4483	1.4483	1.4483	0	0.00
2024/12/03	1.4189	1.4189	1.4189	1.4189	0	0.00
2024/12/04	1.4147	1.4147	1.4147	1.4147	0	0.00
2024/12/05	1.4072	1.4072	1.4072	1.4072	0	0.00
2024/12/06	1.4267	1.4267	1.4267	1.4267	0	0.00
2024/12/09	1.4030	1.4030	1.4030	1.4030	0	0.00
2024/12/10	1.4155	1.4155	1.4155	1.4155	0	0.00
2024/12/11	1.3941	1.3941	1.3941	1.3941	0	0.00
2024/12/12	1.4041	1.4041	1.4041	1.4041	0	0.00
2024/12/13	1.3676	1.3676	1.3676	1.3676	0	0.00
2024/12/16	1.3371	1.3371	1.3371	1.3371	0	0.00
2024/12/17	1.3303	1.3303	1.3303	1.3303	0	0.00
2024/12/18	1.3499	1.3499	1.3499	1.3499	0	0.00
2024/12/19	1.3643	1.3643	1.3643	1.3643	0	0.00
2024/12/20	1.4073	1.4073	1.4073	1.4073	0	0.00
2024/12/23	1.3902	1.3902	1.3902	1.3902	0	0.00
2024/12/24	1.4112	1.4112	1.4112	1.4112	0	0.00
2024/12/25	1.4082	1.4082	1.4082	1.4082	0	0.00
2024/12/26	1.4159	1.4159	1.4159	1.4159	0	0.00
2024/12/27	1.4137	1.4137	1.4137	1.4137	0	0.00
2024/12/30	1.4110	1.4110	1.4110	1.4110	0	0.00
2024/12/31	1.3573	1.3573	1.3573	1.3573	0	0.00
2025/01/02	1.2996	1.2996	1.2996	1.2996	0	0.00
2025/01/03	1.2834	1.2834	1.2834	1.2834	0	0.00
2025/01/06	1.2811	1.2811	1.2811	1.2811	0	0.00
2025/01/07	1.3212	1.3212	1.3212	1.3212	0	0.00
2025/01/08	1.3122	1.3122	1.3122	1.3122	0	0.00
2025/01/09	1.3152	1.3152	1.3152	1.3152	0	0.00
2025/01/10	1.3086	1.3086	1.3086	1.3086	0	0.00
2025/01/13	1.3125	1.3125	1.3125	1.3125	0	0.00
2025/01/14	1.3640	1.3640	1.3640	1.3640	0	0.00
2025/01/15	1.3549	1.3549	1.3549	1.3549	0	0.00
2025/01/16	1.3473	1.3473	1.3473	1.3473	0	0.00
2025/01/17	1.3669	1.3669	1.3669	1.3669	0	0.00
2025/01/20	1.3611	1.3611	1.3611	1.3611	0	0.00
2025/01/21	1.3674	1.3674	1.3674	1.3674	0	0.00
2025/01/22	1.3557	1.3557	1.3557	1.3557	0	0.00
2025/01/23	1.3428	1.3428	1.3428	1.3428	0	0.00
2025/01/24	1.3499	1.3499	1.3499	1.3499	0	0.00
2025/01/27	1.3215	1.3215	1.3215	1.3215	0	0.00
2025/02/05	1.3512	1.3512	1.3512	1.3512	0	0.00
2025/02/06	1.4163	1.4163	1.4163	1.4163	0	0.00
2025/02/07	1.4127	1.4127	1.4127	1.4127	0	0.00
2025/02/10	1.4182	1.4182	1.4182	1.4182	0	0.00
2025/02/11	1.4018	1.4018	1.4018	1.4018	0	0.00
2025/02/12	1.4473	1.4473	1.4473	1.4473	0	0.00
2025/02/13	1.4154	1.4154	1.4154	1.4154	0	0.00
2025/02/14	1.4095	1.4095	1.4095	1.4095	0	0.00
2025/02/17	1.4309	1.4309	1.4309	1.4309	0	0.00
2025/02/18	1.4292	1.4292	1.4292	1.4292	0	0.00
2025/02/19	1.4958	1.4958	1.4958	1.4958	0	0.00
2025/02/20	1.4863	1.4863	1.4863	1.4863	0	0.00
2025/02/21	1.5417	1.5417	1.5417	1.5417	0	0.00
2025/02/24	1.5453	1.5453	1.5453	1.5453	0	0.00
2025/02/25	1.5368	1.5368	1.5368	1.5368	0	0.00
2025/02/26	1.5564	1.5564	1.5564	1.5564	0	0.00
2025/02/27	1.5455	1.5455	1.5455	1.5455	0	0.00
2025/02/28	1.4903	1.4903	1.4903	1.4903	0	0.00
2025/03/03	1.4687	1.4687	1.4687	1.4687	0	0.00
2025/03/04	1.4802	1.4802	1.4802	1.4802	0	0.00
2025/03/05	1.4900	1.4900	1.4900	1.4900	0	0.00
2025/03/06	1.5467	1.5467	1.5467	1.5467	0	0.00
2025/03/07	1.5328	1.5328	1.5328	1.5328	0	0.00
2025/03/10	1.5173	1.5173	1.5173	1.5173	0	0.00
2025/03/11	1.5039	1.5039	1.5039	1.5039	0	0.00
2025/03/12	1.4922	1.4922	1.4922	1.4922	0	0.00
2025/03/13	1.4586	1.4586	1.4586	1.4586	0	0.00
2025/03/14	1.4827	1.4827	1.4827	1.4827	0	0.00
2025/03/17	1.4752	1.4752	1.4752	1.4752	0	0.00
2025/03/18	1.4804	1.4804	1.4804	1.4804	0	0.00
2025/03/19	1.4611	1.4611	1.4611	1.4611	0	0.00
2025/03/20	1.4424	1.4424	1.4424	1.4424	0	0.00
2025/03/21	1.4183	1.4183	1.4183	1.4183	0	0.00
2025/03/24	1.4349	1.4349	1.4349	1.4349	0	0.00
2025/03/25	1.4187	1.4187	1.4187	1.4187	0	0.00
2025/03/26	1.4131	1.4131	1.4131	1.4131	0	0.00
2025/03/27	1.4299	1.4299	1.4299	1.4299	0	0.00
2025/03/28	1.3977	1.3977	1.3977	1.3977	0	0.00
2025/03/31	1.3970	1.3970	1.3970	1.3970	0	0.00
2025/04/01	1.4116	1.4116	1.4116	1.4116	0	0.00
2025/04/02	1.4059	1.4059	1.4059	1.4059	0	0.00
2025/04/03	1.4094	1.4094	1.4094	1.4094	0	0.00
2025/04/07	1.3239	1.3239	1.3239	1.3239	0	0.00
2025/04/08	1.3241	1.3241	1.3241	1.3241	0	0.00
2025/04/09	1.3908	1.3908	1.3908	1.3908	0	0.00
2025/04/10	1.3977	1.3977	1.3977	1.3977	0	0.00
2025/04/11	1.4366	1.4366	1.4366	1.4366	0	0.00
2025/04/14	1.4327	1.4327	1.4327	1.4327	0	0.00
2025/04/15	1.4164	1.4164	1.4164	1.4164	0	0.00
2025/04/16	1.4345	1.4345	1.4345	1.4345	0	0.00
2025/04/17	1.4285	1.4285	1.4285	1.4285	0	0.00
2025/04/18	1.4086	1.4086	1.4086	1.4086	0	0.00
2025/04/21	1.4215	1.4215	1.4215	1.4215	0	0.00
2025/04/22	1.4273	1.4273	1.4273	1.4273	0	0.00
2025/04/23	1.4193	1.4193	1.4193	1.4193	0	0.00
2025/04/24	1.4068	1.4068	1.4068	1.4068	0	0.00
2025/04/25	1.4096	1.4096	1.4096	1.4096	0	0.00
2025/04/28	1.4082	1.4082	1.4082	1.4082	0	0.00
2025/04/29	1.4175	1.4175	1.4175	1.4175	0	0.00
2025/04/30	1.4228	1.4228	1.4228	1.4228	0	0.00
2025/05/06	1.4490	1.4490	1.4490	1.4490	0	0.00
2025/05/07	1.4416	1.4416	1.4416	1.4416	0	0.00
2025/05/08	1.4379	1.4379	1.4379	1.4379	0	0.00
2025/05/09	1.3999	1.3999	1.3999	1.3999	0	0.00
2025/05/12	1.4031	1.4031	1.4031	1.4031	0	0.00
2025/05/13	1.3948	1.3948	1.3948	1.3948	0	0.00
2025/05/14	1.4064	1.4064	1.4064	1.4064	0	0.00
2025/05/15	1.3777	1.3777	1.3777	1.3777	0	0.00
2025/05/16	1.3732	1.3732	1.3732	1.3732	0	0.00
2025/05/19	1.3796	1.3796	1.3796	1.3796	0	0.00
2025/05/20	1.3815	1.3815	1.3815	1.3815	0	0.00
2025/05/21	1.3728	1.3728	1.3728	1.3728	0	0.00
2025/05/22	1.3655	1.3655	1.3655	1.3655	0	0.00
2025/05/23	1.3539	1.3539	1.3539	1.3539	0	0.00
2025/05/26	1.3646	1.3646	1.3646	1.3646	0	0.00
2025/05/27	1.3552	1.3552	1.3552	1.3552	0	0.00
2025/05/28	1.3365	1.3365	1.3365	1.3365	0	0.00
2025/05/29	1.3625	1.3625	1.3625	1.3625	0	0.00
2025/05/30	1.3413	1.3413	1.3413	1.3413	0	0.00
2025/06/03	1.3585	1.3585	1.3585	1.3585	0	0.00
2025/06/04	1.3600	1.3600	1.3600	1.3600	0	0.00
2025/06/05	1.3808	1.3808	1.3808	1.3808	0	0.00
2025/06/06	1.3816	1.3816	1.3816	1.3816	0	0.00
2025/06/09	1.3818	1.3818	1.3818	1.3818	0	0.00
2025/06/10	1.3475	1.3475	1.3475	1.3475	0	0.00
2025/06/11	1.3459	1.3459	1.3459	1.3459	0	0.00
2025/06/12	1.3268	1.3268	1.3268	1.3268	0	0.00
2025/06/13	1.3380	1.3380	1.3380	1.3380	0	0.00
2025/06/16	1.3386	1.3386	1.3386	1.3386	0	0.00
2025/06/17	1.3271	1.3271	1.3271	1.3271	0	0.00
2025/06/18	1.3379	1.3379	1.3379	1.3379	0	0.00
2025/06/19	1.3437	1.3437	1.3437	1.3437	0	0.00
2025/06/20	1.3457	1.3457	1.3457	1.3457	0	0.00
2025/06/23	1.3740	1.3740	1.3740	1.3740	0	0.00
2025/06/24	1.3899	1.3899	1.3899	1.3899	0	0.00
2025/06/25	1.4048	1.4048	1.4048	1.4048	0	0.00
2025/06/26	1.3969	1.3969	1.3969	1.3969	0	0.00
2025/06/27	1.3926	1.3926	1.3926	1.3926	0	0.00
2025/06/30	1.4164	1.4164	1.4164	1.4164	0	0.00
2025/07/01	1.4130	1.4130	1.4130	1.4130	0	0.00
2025/07/02	1.3852	1.3852	1.3852	1.3852	0	0.00
2025/07/03	1.3858	1.3858	1.3858	1.3858	0	0.00
2025/07/04	1.3968	1.3968	1.3968	1.3968	0	0.00
2025/07/07	1.3963	1.3963	1.3963	1.3963	0	0.00
2025/07/08	1.4083	1.4083	1.4083	1.4083	0	0.00
2025/07/09	1.3942	1.3942	1.3942	1.3942	0	0.00
2025/07/10	1.3869	1.3869	1.3869	1.3869	0	0.00
2025/07/11	1.4067	1.4067	1.4067	1.4067	0	0.00
2025/07/14	1.3921	1.3921	1.3921	1.3921	0	0.00
2025/07/15	1.3883	1.3883	1.3883	1.3883	0	0.00
2025/07/16	1.3889	1.3889	1.3889	1.3889	0	0.00
2025/07/17	1.3929	1.3929	1.3929	1.3929	0	0.00
2025/07/18	1.4051	1.4051	1.4051	1.4051	0	0.00
2025/07/21	1.4013	1.4013	1.4013	1.4013	0	0.00
2025/07/22	1.4110	1.4110	1.4110	1.4110	0	0.00
2025/07/23	1.4426	1.4426	1.4426	1.4426	0	0.00
2025/07/24	1.4633	1.4633	1.4633	1.4633	0	0.00
2025/07/25	1.4901	1.4901	1.4901	1.4901	0	0.00
2025/07/28	1.4852	1.4852	1.4852	1.4852	0	0.00
2025/07/29	1.5076	1.5076	1.5076	1.5076	0	0.00
2025/07/30	1.4915	1.4915	1.4915	1.4915	0	0.00
2025/07/31	1.4647	1.4647	1.4647	1.4647	0	0.00
2025/08/01	1.4453	1.4453	1.4453	1.4453	0	0.00
2025/08/04	1.4587	1.4587	1.4587	1.4587	0	0.00
2025/08/05	1.4611	1.4611	1.4611	1.4611	0	0.00
2025/08/06	1.4636	1.4636	1.4636	1.4636	0	0.00
2025/08/07	1.4647	1.4647	1.4647	1.4647	0	0.00
2025/08/08	1.4433	1.4433	1.4433	1.4433	0	0.00
2025/08/11	1.4446	1.4446	1.4446	1.4446	0	0.00
2025/08/12	1.4806	1.4806	1.4806	1.4806	0	0.00
2025/08/13	1.4947	1.4947	1.4947	1.4947	0	0.00
2025/08/14	1.5160	1.5160	1.5160	1.5160	0	0.00
2025/08/15	1.5344	1.5344	1.5344	1.5344	0	0.00
2025/08/18	1.5605	1.5605	1.5605	1.5605	0	0.00
2025/08/19	1.5318	1.5318	1.5318	1.5318	0	0.00
2025/08/20	1.5917	1.5917	1.5917	1.5917	0	0.00
2025/08/21	1.5974	1.5974	1.5974	1.5974	0	0.00
2025/08/22	1.7363	1.7363	1.7363	1.7363	0	0.00
2025/08/25	1.7651	1.7651	1.7651	1.7651	0	0.00
2025/08/26	1.7565	1.7565	1.7565	1.7565	0	0.00
2025/08/27	1.7499	1.7499	1.7499	1.7499	0	0.00
2025/08/28	1.8860	1.8860	1.8860	1.8860	0	0.00
2025/08/29	1.8119	1.8119	1.8119	1.8119	0	0.00
2025/09/01	1.8505	1.8505	1.8505	1.8505	0	0.00
2025/09/02	1.8048	1.8048	1.8048	1.8048	0	0.00
2025/09/03	1.7816	1.7816	1.7816	1.7816	0	0.00
2025/09/04	1.6400	1.6400	1.6400	1.6400	0	0.00
2025/09/05	1.6958	1.6958	1.6958	1.6958	0	0.00
2025/09/08	1.7131	1.7131	1.7131	1.7131	0	0.00
2025/09/09	1.6662	1.6662	1.6662	1.6662	0	0.00
2025/09/10	1.6850	1.6850	1.6850	1.6850	0	0.00
2025/09/11	1.7798	1.7798	1.7798	1.7798	0	0.00
2025/09/12	1.7981	1.7981	1.7981	1.7981	0	0.00
2025/09/15	1.8043	1.8043	1.8043	1.8043	0	0.00
2025/09/16	1.8168	1.8168	1.8168	1.8168	0	0.00
2025/09/17	1.8749	1.8749	1.8749	1.8749	0	0.00
2025/09/18	1.9346	1.9346	1.9346	1.9346	0	0.00
2025/09/19	1.9096	1.9096	1.9096	1.9096	0	0.00
2025/09/22	1.9697	1.9697	1.9697	1.9697	0	0.00
2025/09/23	2.0288	2.0288	2.0288	2.0288	0	0.00
2025/09/24	2.1633	2.1633	2.1633	2.1633	0	0.00
2025/09/25	2.1623	2.1623	2.1623	2.1623	0	0.00
2025/09/26	2.1469	2.1469	2.1469	2.1469	0	0.00
2025/09/29	2.1951	2.1951	2.1951	2.1951	0	0.00
2025/09/30	2.1838	2.1838	2.1838	2.1838	0	0.00
2025/10/09	2.2276	2.2276	2.2276	2.2276	0	0.00
2025/10/10	2.1247	2.1247	2.1247	2.1247	0	0.00
2025/10/13	2.1775	2.1775	2.1775	2.1775	0	0.00
2025/10/14	2.0346	2.0346	2.0346	2.0346	0	0.00
2025/10/15	2.0571	2.0571	2.0571	2.0571	0	0.00
2025/10/16	2.0414	2.0414	2.0414	2.0414	0	0.00
2025/10/17	1.9717	1.9717	1.9717	1.9717	0	0.00
2025/10/20	1.9792	1.9792	1.9792	1.9792	0	0.00
2025/10/21	2.0351	2.0351	2.0351	2.0351	0	0.00
2025/10/22	2.0375	2.0375	2.0375	2.0375	0	0.00
2025/10/23	2.0279	2.0279	2.0279	2.0279	0	0.00
2025/10/24	2.1280	2.1280	2.1280	2.1280	0	0.00
2025/10/27	2.1884	2.1884	2.1884	2.1884	0	0.00
2025/10/28	2.1709	2.1709	2.1709	2.1709	0	0.00
2025/10/29	2.1729	2.1729	2.1729	2.1729	0	0.00
2025/10/30	2.1340	2.1340	2.1340	2.1340	0	0.00
2025/10/31	2.0455	2.0455	2.0455	2.0455	0	0.00
2025/11/03	2.0173	2.0173	2.0173	2.0173	0	0.00
2025/11/04	2.0355	2.0355	2.0355	2.0355	0	0.00
2025/11/05	2.0269	2.0269	2.0269	2.0269	0	0.00
2025/11/06	2.1151	2.1151	2.1151	2.1151	0	0.00
2025/11/07	2.1069	2.1069	2.1069	2.1069	0	0.00
2025/11/10	2.1113	2.1113	2.1113	2.1113	0	0.00
2025/11/11	2.0723	2.0723	2.0723	2.0723	0	0.00
2025/11/12	2.0670	2.0670	2.0670	2.0670	0	0.00
2025/11/13	2.0802	2.0802	2.0802	2.0802	0	0.00
2025/11/14	2.0225	2.0225	2.0225	2.0225	0	0.00
2025/11/17	1.9994	1.9994	1.9994	1.9994	0	0.00
2025/11/18	2.0415	2.0415	2.0415	2.0415	0	0.00
2025/11/19	2.0298	2.0298	2.0298	2.0298	0	0.00
2025/11/20	1.9897	1.9897	1.9897	1.9897	0	0.00
2025/11/21	1.9076	1.9076	1.9076	1.9076	0	0.00
2025/11/24	1.9392	1.9392	1.9392	1.9392	0	0.00
2025/11/25	1.9409	1.9409	1.9409	1.9409	0	0.00
2025/11/26	1.9595	1.9595	1.9595	1.9595	0	0.00
2025/11/27	1.9508	1.9508	1.9508	1.9508	0	0.00
2025/11/28	1.9857	1.9857	1.9857	1.9857	0	0.00
2025/12/01	2.0092	2.0092	2.0092	2.0092	0	0.00
2025/12/02	1.9832	1.9832	1.9832	1.9832	0	0.00
2025/12/03	1.9804	1.9804	1.9804	1.9804	0	0.00
2025/12/04	2.0381	2.0381	2.0381	2.0381	0	0.00
2025/12/05	2.0369	2.0369	2.0369	2.0369	0	0.00
2025/12/08	2.0798	2.0798	2.0798	2.0798	0	0.00
2025/12/09	2.0728	2.0728	2.0728	2.0728	0	0.00
2025/12/10	2.0773	2.0773	2.0773	2.0773	0	0.00
2025/12/11	2.0588	2.0588	2.0588	2.0588	0	0.00
2025/12/12	2.1148	2.1148	2.1148	2.1148	0	0.00
2025/12/15	2.0849	2.0849	2.0849	2.0849	0	0.00
2025/12/16	2.0564	2.0564	2.0564	2.0564	0	0.00
2025/12/17	2.0923	2.0923	2.0923	2.0923	0	0.00
2025/12/18	2.0565	2.0565	2.0565	2.0565	0	0.00
2025/12/19	2.0504	2.0504	2.0504	2.0504	0	0.00
2025/12/22	2.1462	2.1462	2.1462	2.1462	0	0.00
2025/12/23	2.1852	2.1852	2.1852	2.1852	0	0.00
2025/12/24	2.1947	2.1947	2.1947	2.1947	0	0.00
2025/12/25	2.1986	2.1986	2.1986	2.1986	0	0.00
2025/12/26	2.1704	2.1704	2.1704	2.1704	0	0.00
2025/12/29	2.1615	2.1615	2.1615	2.1615	0	0.00
2025/12/30	2.1806	2.1806	2.1806	2.1806	0	0.00
2025/12/31	2.1599	2.1599	2.1599	2.1599	0	0.00
2026/01/05	2.2618	2.2618	2.2618	2.2618	0	0.00
2026/01/06	2.3279	2.3279	2.3279	2.3279	0	0.00
2026/01/07	2.4555	2.4555	2.4555	2.4555	0	0.00
2026/01/08	2.4566	2.4566	2.4566	2.4566	0	0.00
2026/01/09	2.4576	2.4576	2.4576	2.4576	0	0.00
2026/01/12	2.4853	2.4853	2.4853	2.4853	0	0.00
2026/01/13	2.4034	2.4034	2.4034	2.4034	0	0.00
2026/01/14	2.4613	2.4613	2.4613	2.4613	0	0.00
2026/01/15	2.5471	2.5471	2.5471	2.5471	0	0.00
2026/01/16	2.6113	2.6113	2.6113	2.6113	0	0.00
2026/01/19	2.6043	2.6043	2.6043	2.6043	0	0.00
2026/01/20	2.5682	2.5682	2.5682	2.5682	0	0.00
2026/01/21	2.5971	2.5971	2.5971	2.5971	0	0.00
2026/01/22	2.5499	2.5499	2.5499	2.5499	0	0.00
2026/01/23	2.5853	2.5853	2.5853	2.5853	0	0.00
2026/01/26	2.4966	2.4966	2.4966	2.4966	0	0.00
2026/01/27	2.5360	2.5360	2.5360	2.5360	0	0.00
2026/01/28	2.5650	2.5650	2.5650	2.5650	0	0.00
2026/01/29	2.4564	2.4564	2.4564	2.4564	0	0.00
2026/01/30	2.4621	2.4621	2.4621	2.4621	0	0.00
2026/02/02	2.3534	2.3534	2.3534	2.3534	0	0.00
2026/02/03	2.3974	2.3974	2.3974	2.3974	0	0.00
2026/02/04	2.3787	2.3787	2.3787	2.3787	0	0.00
2026/02/05	2.3697	2.3697	2.3697	2.3697	0	0.00
2026/02/06	2.3582	2.3582	2.3582	2.3582	0	0.00
2026/02/09	2.4111	2.4111	2.4111	2.4111	0	0.00
2026/02/10	2.4214	2.4214	2.4214	2.4214	0	0.00
2026/02/11	2.3946	2.3946	2.3946	2.3946	0	0.00
2026/02/12	2.4089	2.4089	2.4089	2.4089	0	0.00
2026/02/13	2.4264	2.4264	2.4264	2.4264	0	0.00
2026/02/24	2.4262	2.4262	2.4262	2.4262	0	0.00
2026/02/25	2.5088	2.5088	2.5088	2.5088	0	0.00
2026/02/26	2.5436	2.5436	2.5436	2.5436	0	0.00
2026/02/27	2.4937	2.4937	2.4937	2.4937	0	0.00
2026/03/02	2.4602	2.4602	2.4602	2.4602	0	0.00
2026/03/03	2.3398	2.3398	2.3398	2.3398	0	0.00
2026/03/04	2.3251	2.3251	2.3251	2.3251	0	0.00
2026/03/05	2.3700	2.3700	2.3700	2.3700	0	0.00
2026/03/06	2.3475	2.3475	2.3475	2.3475	0	0.00
2026/03/09	2.2917	2.2917	2.2917	2.2917	0	0.00
2026/03/10	2.3399	2.3399	2.3399	2.3399	0	0.00
2026/03/11	2.3075	2.3075	2.3075	2.3075	0	0.00
2026/03/12	2.2753	2.2753	2.2753	2.2753	0	0.00
2026/03/13	2.2551	2.2551	2.2551	2.2551	0	0.00
2026/03/16	2.2761	2.2761	2.2761	2.2761	0	0.00
2026/03/17	2.2230	2.2230	2.2230	2.2230	0	0.00
2026/03/18	2.2671	2.2671	2.2671	2.2671	0	0.00
2026/03/19	2.2172	2.2172	2.2172	2.2172	0	0.00
2026/03/20	2.2045	2.2045	2.2045	2.2045	0	0.00
2026/03/23	2.1108	2.1108	2.1108	2.1108	0	0.00
2026/03/24	2.1517	2.1517	2.1517	2.1517	0	0.00
2026/03/25	2.2058	2.2058	2.2058	2.2058	0	0.00
2026/03/26	2.1628	2.1628	2.1628	2.1628	0	0.00
2026/03/27	2.1994	2.1994	2.1994	2.1994	0	0.00
2026/03/30	2.2410	2.2410	2.2410	2.2410	0	0.00
2026/03/31	2.1633	2.1633	2.1633	2.1633	0	0.00
2026/04/01	2.2114	2.2114	2.2114	2.2114	0	0.00
2026/04/02	2.1332	2.1332	2.1332	2.1332	0	0.00
2026/04/03	2.1262	2.1262	2.1262	2.1262	0	0.00
2026/04/07	2.1504	2.1504	2.1504	2.1504	0	0.00
2026/04/08	2.3001	2.3001	2.3001	2.3001	0	0.00
2026/04/09	2.3246	2.3246	2.3246	2.3246	0	0.00
2026/04/10	2.3506	2.3506	2.3506	2.3506	0	0.00
2026/04/13	2.3318	2.3318	2.3318	2.3318	0	0.00
2026/04/14	2.3943	2.3943	2.3943	2.3943	0	0.00
2026/04/15	2.3743	2.3743	2.3743	2.3743	0	0.00
2026/04/16	2.4065	2.4065	2.4065	2.4065	0	0.00
2026/04/17	2.4091	2.4091	2.4091	2.4091	0	0.00
2026/04/20	2.4288	2.4288	2.4288	2.4288	0	0.00
2026/04/21	2.3859	2.3859	2.3859	2.3859	0	0.00
2026/04/22	2.4508	2.4508	2.4508	2.4508	0	0.00
2026/04/23	2.4298	2.4298	2.4298	2.4298	0	0.00
2026/04/24	2.4746	2.4746	2.4746	2.4746	0	0.00
2026/04/27	2.6157	2.6157	2.6157	2.6157	0	0.00
2026/04/28	2.6185	2.6185	2.6185	2.6185	0	0.00
2026/04/29	2.6043	2.6043	2.6043	2.6043	0	0.00
2026/04/30	2.7310	2.7310	2.7310	2.7310	0	0.00
2026/05/06	2.8229	2.8229	2.8229	2.8229	0	0.00
2026/05/07	2.8747	2.8747	2.8747	2.8747	0	0.00
2026/05/08	2.7892	2.7892	2.7892	2.7892	0	0.00
2026/05/11	2.9537	2.9537	2.9537	2.9537	0	0.00
2026/05/12	3.0116	3.0116	3.0116	3.0116	0	0.00
2026/05/13	3.1069	3.1069	3.1069	3.1069	0	0.00
2026/05/14	3.0095	3.0095	3.0095	3.0095	0	0.00
2026/05/15	3.0998	3.0998	3.0998	3.0998	0	0.00
2026/05/18	3.1224	3.1224	3.1224	3.1224	0	0.00
2026/05/19	3.2817	3.2817	3.2817	3.2817	0	0.00
2026/05/20	3.4667	3.4667	3.4667	3.4667	0	0.00
2026/05/21	3.3212	3.3212	3.3212	3.3212	0	0.00
2026/05/22	3.3506	3.3506	3.3506	3.3506	0	0.00
2026/05/25	3.5673	3.5673	3.5673	3.5673	0	0.00
2026/05/26	3.4936	3.4936	3.4936	3.4936	0	0.00
2026/05/27	3.3527	3.3527	3.3527	3.3527	0	0.00
2026/05/28	3.3922	3.3922	3.3922	3.3922	0	0.00
2026/05/29	3.2102	3.2102	3.2102	3.2102	0	0.00
2026/06/01	3.0308	3.0308	3.0308	3.0308	0	0.00
2026/06/02	3.0958	3.0958	3.0958	3.0958	0	0.00
2026/06/03	3.1732	3.1732	3.1732	3.1732	0	0.00
2026/06/04	3.2549	3.2549	3.2549	3.2549	0	0.00
2026/06/05	3.1356	3.1356	3.1356	3.1356	0	0.00
2026/06/08	3.0377	3.0377	3.0377	3.0377	0	0.00
2026/06/09	3.2243	3.2243	3.2243	3.2243	0	0.00
2026/06/10	3.2736	3.2736	3.2736	3.2736	0	0.00
2026/06/11	3.3981	3.3981	3.3981	3.3981	0	0.00
2026/06/12	3.3668	3.3668	3.3668	3.3668	0	0.00
2026/06/15	3.5232	3.5232	3.5232	3.5232	0	0.00
2026/06/16	3.5150	3.5150	3.5150	3.5150	0	0.00
2026/06/17	3.7461	3.7461	3.7461	3.7461	0	0.00
2026/06/18	3.8698	3.8698	3.8698	3.8698	0	0.00
2026/06/22	3.9492	3.9492	3.9492	3.9492	0	0.00
2026/06/23	3.9396	3.9396	3.9396	3.9396	0	0.00
2026/06/24	4.1379	4.1379	4.1379	4.1379	0	0.00
2026/06/25	4.2615	4.2615	4.2615	4.2615	0	0.00
2026/06/26	4.3302	4.3302	4.3302	4.3302	0	0.00
2026/06/29	4.6211	4.6211	4.6211	4.6211	0	0.00
#Ъ§ОнРДдД:ЭЈДяаХ
