022486 벌쏜櫓聯A500藤C 휑窟 품릿홈
      휑퍅	    역턍	    離멕	    離됴	    澗턍	    냥슥좆	    냥슥띨
2024/11/18	1.0000	1.0000	1.0000	1.0000	0	0.00
2024/11/22	0.9858	0.9858	0.9858	0.9858	0	0.00
2024/11/29	1.0026	1.0026	1.0026	1.0026	0	0.00
2024/12/06	1.0167	1.0167	1.0167	1.0167	0	0.00
2024/12/13	1.0125	1.0125	1.0125	1.0125	0	0.00
2024/12/20	1.0049	1.0049	1.0049	1.0049	0	0.00
2024/12/27	1.0121	1.0121	1.0121	1.0121	0	0.00
2024/12/31	0.9986	0.9986	0.9986	0.9986	0	0.00
2025/01/03	0.9593	0.9593	0.9593	0.9593	0	0.00
2025/01/10	0.9477	0.9477	0.9477	0.9477	0	0.00
2025/01/17	0.9740	0.9740	0.9740	0.9740	0	0.00
2025/01/21	0.9748	0.9748	0.9748	0.9748	0	0.00
2025/01/22	0.9668	0.9668	0.9668	0.9668	0	0.00
2025/01/23	0.9677	0.9677	0.9677	0.9677	0	0.00
2025/01/24	0.9743	0.9743	0.9743	0.9743	0	0.00
2025/01/27	0.9745	0.9745	0.9745	0.9745	0	0.00
2025/02/05	0.9707	0.9707	0.9707	0.9707	0	0.00
2025/02/06	0.9838	0.9838	0.9838	0.9838	0	0.00
2025/02/07	0.9952	0.9952	0.9952	0.9952	0	0.00
2025/02/10	0.9997	0.9997	0.9997	0.9997	0	0.00
2025/02/11	0.9959	0.9959	0.9959	0.9959	0	0.00
2025/02/12	1.0031	1.0031	1.0031	1.0031	0	0.00
2025/02/13	1.0007	1.0007	1.0007	1.0007	0	0.00
2025/02/14	1.0077	1.0077	1.0077	1.0077	0	0.00
2025/02/17	1.0104	1.0104	1.0104	1.0104	0	0.00
2025/02/18	1.0008	1.0008	1.0008	1.0008	0	0.00
2025/02/19	1.0083	1.0083	1.0083	1.0083	0	0.00
2025/02/20	1.0059	1.0059	1.0059	1.0059	0	0.00
2025/02/21	1.0146	1.0146	1.0146	1.0146	0	0.00
2025/02/24	1.0165	1.0165	1.0165	1.0165	0	0.00
2025/02/25	1.0079	1.0079	1.0079	1.0079	0	0.00
2025/02/26	1.0149	1.0149	1.0149	1.0149	0	0.00
2025/02/27	1.0192	1.0192	1.0192	1.0192	0	0.00
2025/02/28	1.0051	1.0051	1.0051	1.0051	0	0.00
2025/03/03	1.0072	1.0072	1.0072	1.0072	0	0.00
2025/03/04	1.0086	1.0086	1.0086	1.0086	0	0.00
2025/03/05	1.0113	1.0113	1.0113	1.0113	0	0.00
2025/03/06	1.0257	1.0257	1.0257	1.0257	0	0.00
2025/03/07	1.0230	1.0230	1.0230	1.0230	0	0.00
2025/03/10	1.0207	1.0207	1.0207	1.0207	0	0.00
2025/03/11	1.0245	1.0245	1.0245	1.0245	0	0.00
2025/03/12	1.0211	1.0211	1.0211	1.0211	0	0.00
2025/03/13	1.0186	1.0186	1.0186	1.0186	0	0.00
2025/03/14	1.0383	1.0383	1.0383	1.0383	0	0.00
2025/03/17	1.0375	1.0375	1.0375	1.0375	0	0.00
2025/03/18	1.0396	1.0396	1.0396	1.0396	0	0.00
2025/03/19	1.0398	1.0398	1.0398	1.0398	0	0.00
2025/03/20	1.0340	1.0340	1.0340	1.0340	0	0.00
2025/03/21	1.0246	1.0246	1.0246	1.0246	0	0.00
2025/03/24	1.0271	1.0271	1.0271	1.0271	0	0.00
2025/03/25	1.0307	1.0307	1.0307	1.0307	0	0.00
2025/03/26	1.0310	1.0310	1.0310	1.0310	0	0.00
2025/03/27	1.0309	1.0309	1.0309	1.0309	0	0.00
2025/03/28	1.0236	1.0236	1.0236	1.0236	0	0.00
2025/03/31	1.0148	1.0148	1.0148	1.0148	0	0.00
2025/04/01	1.0187	1.0187	1.0187	1.0187	0	0.00
2025/04/02	1.0182	1.0182	1.0182	1.0182	0	0.00
2025/04/03	1.0160	1.0160	1.0160	1.0160	0	0.00
2025/04/07	0.9488	0.9488	0.9488	0.9488	0	0.00
2025/04/08	0.9654	0.9654	0.9654	0.9654	0	0.00
2025/04/09	0.9749	0.9749	0.9749	0.9749	0	0.00
2025/04/10	0.9871	0.9871	0.9871	0.9871	0	0.00
2025/04/11	0.9926	0.9926	0.9926	0.9926	0	0.00
2025/04/14	0.9984	0.9984	0.9984	0.9984	0	0.00
2025/04/15	0.9975	0.9975	0.9975	0.9975	0	0.00
2025/04/16	0.9935	0.9935	0.9935	0.9935	0	0.00
2025/04/17	0.9952	0.9952	0.9952	0.9952	0	0.00
2025/04/18	0.9982	0.9982	0.9982	0.9982	0	0.00
2025/04/21	1.0109	1.0109	1.0109	1.0109	0	0.00
2025/04/22	1.0075	1.0075	1.0075	1.0075	0	0.00
2025/04/23	1.0149	1.0149	1.0149	1.0149	0	0.00
2025/04/24	1.0123	1.0123	1.0123	1.0123	0	0.00
2025/04/25	1.0146	1.0146	1.0146	1.0146	0	0.00
2025/04/28	1.0109	1.0109	1.0109	1.0109	0	0.00
2025/04/29	1.0120	1.0120	1.0120	1.0120	0	0.00
2025/04/30	1.0150	1.0150	1.0150	1.0150	0	0.00
2025/05/06	1.0301	1.0301	1.0301	1.0301	0	0.00
2025/05/07	1.0335	1.0335	1.0335	1.0335	0	0.00
2025/05/08	1.0408	1.0408	1.0408	1.0408	0	0.00
2025/05/09	1.0373	1.0373	1.0373	1.0373	0	0.00
2025/05/12	1.0498	1.0498	1.0498	1.0498	0	0.00
2025/05/13	1.0499	1.0499	1.0499	1.0499	0	0.00
2025/05/14	1.0581	1.0581	1.0581	1.0581	0	0.00
2025/05/15	1.0482	1.0482	1.0482	1.0482	0	0.00
2025/05/16	1.0466	1.0466	1.0466	1.0466	0	0.00
2025/05/19	1.0455	1.0455	1.0455	1.0455	0	0.00
2025/05/20	1.0502	1.0502	1.0502	1.0502	0	0.00
2025/05/21	1.0543	1.0543	1.0543	1.0543	0	0.00
2025/05/22	1.0522	1.0522	1.0522	1.0522	0	0.00
2025/05/23	1.0442	1.0442	1.0442	1.0442	0	0.00
2025/05/26	1.0411	1.0411	1.0411	1.0411	0	0.00
2025/05/27	1.0382	1.0382	1.0382	1.0382	0	0.00
2025/05/28	1.0386	1.0386	1.0386	1.0386	0	0.00
2025/05/29	1.0432	1.0432	1.0432	1.0432	0	0.00
2025/05/30	1.0384	1.0384	1.0384	1.0384	0	0.00
2025/06/03	1.0403	1.0403	1.0403	1.0403	0	0.00
2025/06/04	1.0446	1.0446	1.0446	1.0446	0	0.00
2025/06/05	1.0474	1.0474	1.0474	1.0474	0	0.00
2025/06/06	1.0475	1.0475	1.0475	1.0475	0	0.00
2025/06/09	1.0499	1.0499	1.0499	1.0499	0	0.00
2025/06/10	1.0444	1.0444	1.0444	1.0444	0	0.00
2025/06/11	1.0514	1.0514	1.0514	1.0514	0	0.00
2025/06/12	1.0518	1.0518	1.0518	1.0518	0	0.00
2025/06/13	1.0449	1.0449	1.0449	1.0449	0	0.00
2025/06/16	1.0473	1.0473	1.0473	1.0473	0	0.00
2025/06/17	1.0476	1.0476	1.0476	1.0476	0	0.00
2025/06/18	1.0492	1.0492	1.0492	1.0492	0	0.00
2025/06/19	1.0405	1.0405	1.0405	1.0405	0	0.00
2025/06/20	1.0416	1.0416	1.0416	1.0416	0	0.00
2025/06/23	1.0457	1.0457	1.0457	1.0457	0	0.00
2025/06/24	1.0605	1.0605	1.0605	1.0605	0	0.00
2025/06/25	1.0752	1.0752	1.0752	1.0752	0	0.00
2025/06/26	1.0733	1.0733	1.0733	1.0733	0	0.00
2025/06/27	1.0724	1.0724	1.0724	1.0724	0	0.00
2025/06/30	1.0768	1.0768	1.0768	1.0768	0	0.00
2025/07/01	1.0784	1.0784	1.0784	1.0784	0	0.00
2025/07/02	1.0785	1.0785	1.0785	1.0785	0	0.00
2025/07/03	1.0865	1.0865	1.0865	1.0865	0	0.00
2025/07/04	1.0869	1.0869	1.0869	1.0869	0	0.00
2025/07/07	1.0820	1.0820	1.0820	1.0820	0	0.00
2025/07/08	1.0928	1.0928	1.0928	1.0928	0	0.00
2025/07/09	1.0919	1.0919	1.0919	1.0919	0	0.00
2025/07/10	1.0979	1.0979	1.0979	1.0979	0	0.00
2025/07/11	1.1012	1.1012	1.1012	1.1012	0	0.00
2025/07/14	1.1037	1.1037	1.1037	1.1037	0	0.00
2025/07/15	1.1037	1.1037	1.1037	1.1037	0	0.00
2025/07/16	1.1013	1.1013	1.1013	1.1013	0	0.00
2025/07/17	1.1094	1.1094	1.1094	1.1094	0	0.00
2025/07/18	1.1167	1.1167	1.1167	1.1167	0	0.00
2025/07/21	1.1267	1.1267	1.1267	1.1267	0	0.00
2025/07/22	1.1374	1.1374	1.1374	1.1374	0	0.00
2025/07/23	1.1350	1.1350	1.1350	1.1350	0	0.00
2025/07/24	1.1441	1.1441	1.1441	1.1441	0	0.00
2025/07/25	1.1405	1.1405	1.1405	1.1405	0	0.00
2025/07/28	1.1428	1.1428	1.1428	1.1428	0	0.00
2025/07/29	1.1459	1.1459	1.1459	1.1459	0	0.00
2025/07/30	1.1463	1.1463	1.1463	1.1463	0	0.00
2025/07/31	1.1261	1.1261	1.1261	1.1261	0	0.00
2025/08/01	1.1220	1.1220	1.1220	1.1220	0	0.00
2025/08/04	1.1247	1.1247	1.1247	1.1247	0	0.00
2025/08/05	1.1324	1.1324	1.1324	1.1324	0	0.00
2025/08/06	1.1343	1.1343	1.1343	1.1343	0	0.00
2025/08/07	1.1329	1.1329	1.1329	1.1329	0	0.00
2025/08/08	1.1334	1.1334	1.1334	1.1334	0	0.00
2025/08/11	1.1418	1.1418	1.1418	1.1418	0	0.00
2025/08/12	1.1451	1.1451	1.1451	1.1451	0	0.00
2025/08/13	1.1550	1.1550	1.1550	1.1550	0	0.00
2025/08/14	1.1492	1.1492	1.1492	1.1492	0	0.00
2025/08/15	1.1561	1.1561	1.1561	1.1561	0	0.00
2025/08/18	1.1657	1.1657	1.1657	1.1657	0	0.00
2025/08/19	1.1618	1.1618	1.1618	1.1618	0	0.00
2025/08/20	1.1767	1.1767	1.1767	1.1767	0	0.00
2025/08/21	1.1800	1.1800	1.1800	1.1800	0	0.00
2025/08/22	1.1990	1.1990	1.1990	1.1990	0	0.00
2025/08/25	1.2215	1.2215	1.2215	1.2215	0	0.00
2025/08/26	1.2219	1.2219	1.2219	1.2219	0	0.00
2025/08/27	1.2089	1.2089	1.2089	1.2089	0	0.00
2025/08/28	1.2268	1.2268	1.2268	1.2268	0	0.00
2025/08/29	1.2356	1.2356	1.2356	1.2356	0	0.00
2025/09/01	1.2417	1.2417	1.2417	1.2417	0	0.00
2025/09/02	1.2323	1.2323	1.2323	1.2323	0	0.00
2025/09/03	1.2222	1.2222	1.2222	1.2222	0	0.00
2025/09/04	1.1991	1.1991	1.1991	1.1991	0	0.00
2025/09/05	1.2318	1.2318	1.2318	1.2318	0	0.00
2025/09/08	1.2401	1.2401	1.2401	1.2401	0	0.00
2025/09/09	1.2277	1.2277	1.2277	1.2277	0	0.00
2025/09/10	1.2287	1.2287	1.2287	1.2287	0	0.00
2025/09/11	1.2558	1.2558	1.2558	1.2558	0	0.00
2025/09/12	1.2547	1.2547	1.2547	1.2547	0	0.00
2025/09/15	1.2581	1.2581	1.2581	1.2581	0	0.00
2025/09/16	1.2588	1.2588	1.2588	1.2588	0	0.00
2025/09/17	1.2697	1.2697	1.2697	1.2697	0	0.00
2025/09/18	1.2559	1.2559	1.2559	1.2559	0	0.00
2025/09/19	1.2578	1.2578	1.2578	1.2578	0	0.00
2025/09/22	1.2609	1.2609	1.2609	1.2609	0	0.00
2025/09/23	1.2558	1.2558	1.2558	1.2558	0	0.00
2025/09/24	1.2749	1.2749	1.2749	1.2749	0	0.00
2025/09/25	1.2797	1.2797	1.2797	1.2797	0	0.00
2025/09/26	1.2645	1.2645	1.2645	1.2645	0	0.00
2025/09/29	1.2797	1.2797	1.2797	1.2797	0	0.00
2025/09/30	1.2879	1.2879	1.2879	1.2879	0	0.00
2025/10/09	1.3119	1.3119	1.3119	1.3119	0	0.00
2025/10/10	1.2854	1.2854	1.2854	1.2854	0	0.00
2025/10/13	1.2812	1.2812	1.2812	1.2812	0	0.00
2025/10/14	1.2613	1.2613	1.2613	1.2613	0	0.00
2025/10/15	1.2774	1.2774	1.2774	1.2774	0	0.00
2025/10/16	1.2831	1.2831	1.2831	1.2831	0	0.00
2025/10/17	1.2548	1.2548	1.2548	1.2548	0	0.00
2025/10/20	1.2609	1.2609	1.2609	1.2609	0	0.00
2025/10/21	1.2828	1.2828	1.2828	1.2828	0	0.00
2025/10/22	1.2801	1.2801	1.2801	1.2801	0	0.00
2025/10/23	1.2837	1.2837	1.2837	1.2837	0	0.00
2025/10/24	1.2979	1.2979	1.2979	1.2979	0	0.00
2025/10/27	1.3128	1.3128	1.3128	1.3128	0	0.00
2025/10/28	1.3074	1.3074	1.3074	1.3074	0	0.00
2025/10/29	1.3220	1.3220	1.3220	1.3220	0	0.00
2025/10/30	1.3181	1.3181	1.3181	1.3181	0	0.00
2025/10/31	1.3085	1.3085	1.3085	1.3085	0	0.00
2025/11/03	1.3133	1.3133	1.3133	1.3133	0	0.00
2025/11/04	1.2987	1.2987	1.2987	1.2987	0	0.00
2025/11/05	1.3043	1.3043	1.3043	1.3043	0	0.00
2025/11/06	1.3218	1.3218	1.3218	1.3218	0	0.00
2025/11/07	1.3234	1.3234	1.3234	1.3234	0	0.00
2025/11/10	1.3251	1.3251	1.3251	1.3251	0	0.00
2025/11/11	1.3157	1.3157	1.3157	1.3157	0	0.00
2025/11/12	1.3111	1.3111	1.3111	1.3111	0	0.00
2025/11/13	1.3280	1.3280	1.3280	1.3280	0	0.00
2025/11/14	1.3094	1.3094	1.3094	1.3094	0	0.00
2025/11/17	1.3098	1.3098	1.3098	1.3098	0	0.00
2025/11/18	1.2959	1.2959	1.2959	1.2959	0	0.00
2025/11/19	1.3004	1.3004	1.3004	1.3004	0	0.00
2025/11/20	1.2921	1.2921	1.2921	1.2921	0	0.00
2025/11/21	1.2492	1.2492	1.2492	1.2492	0	0.00
2025/11/24	1.2486	1.2486	1.2486	1.2486	0	0.00
2025/11/25	1.2653	1.2653	1.2653	1.2653	0	0.00
2025/11/26	1.2759	1.2759	1.2759	1.2759	0	0.00
2025/11/27	1.2751	1.2751	1.2751	1.2751	0	0.00
2025/11/28	1.2850	1.2850	1.2850	1.2850	0	0.00
2025/12/01	1.2966	1.2966	1.2966	1.2966	0	0.00
2025/12/02	1.2877	1.2877	1.2877	1.2877	0	0.00
2025/12/03	1.2787	1.2787	1.2787	1.2787	0	0.00
2025/12/04	1.2789	1.2789	1.2789	1.2789	0	0.00
2025/12/05	1.2866	1.2866	1.2866	1.2866	0	0.00
2025/12/08	1.3026	1.3026	1.3026	1.3026	0	0.00
2025/12/09	1.2977	1.2977	1.2977	1.2977	0	0.00
2025/12/10	1.2966	1.2966	1.2966	1.2966	0	0.00
2025/12/11	1.2845	1.2845	1.2845	1.2845	0	0.00
2025/12/12	1.2915	1.2915	1.2915	1.2915	0	0.00
2025/12/15	1.2783	1.2783	1.2783	1.2783	0	0.00
2025/12/16	1.2632	1.2632	1.2632	1.2632	0	0.00
2025/12/17	1.2873	1.2873	1.2873	1.2873	0	0.00
2025/12/18	1.2805	1.2805	1.2805	1.2805	0	0.00
2025/12/19	1.2838	1.2838	1.2838	1.2838	0	0.00
2025/12/22	1.2988	1.2988	1.2988	1.2988	0	0.00
2025/12/23	1.3038	1.3038	1.3038	1.3038	0	0.00
2025/12/24	1.3158	1.3158	1.3158	1.3158	0	0.00
2025/12/25	1.3165	1.3165	1.3165	1.3165	0	0.00
2025/12/26	1.3285	1.3285	1.3285	1.3285	0	0.00
2025/12/29	1.3168	1.3168	1.3168	1.3168	0	0.00
2025/12/30	1.3185	1.3185	1.3185	1.3185	0	0.00
2025/12/31	1.3118	1.3118	1.3118	1.3118	0	0.00
2026/01/05	1.3390	1.3390	1.3390	1.3390	0	0.00
2026/01/06	1.3573	1.3573	1.3573	1.3573	0	0.00
2026/01/07	1.3625	1.3625	1.3625	1.3625	0	0.00
2026/01/08	1.3539	1.3539	1.3539	1.3539	0	0.00
2026/01/09	1.3619	1.3619	1.3619	1.3619	0	0.00
2026/01/12	1.3805	1.3805	1.3805	1.3805	0	0.00
2026/01/13	1.3713	1.3713	1.3713	1.3713	0	0.00
2026/01/14	1.3753	1.3753	1.3753	1.3753	0	0.00
2026/01/15	1.3884	1.3884	1.3884	1.3884	0	0.00
2026/01/16	1.3907	1.3907	1.3907	1.3907	0	0.00
2026/01/19	1.3956	1.3956	1.3956	1.3956	0	0.00
2026/01/20	1.3880	1.3880	1.3880	1.3880	0	0.00
2026/01/21	1.3951	1.3951	1.3951	1.3951	0	0.00
2026/01/22	1.4014	1.4014	1.4014	1.4014	0	0.00
2026/01/23	1.4134	1.4134	1.4134	1.4134	0	0.00
2026/01/26	1.4143	1.4143	1.4143	1.4143	0	0.00
2026/01/27	1.4135	1.4135	1.4135	1.4135	0	0.00
2026/01/28	1.4132	1.4132	1.4132	1.4132	0	0.00
2026/01/29	1.4024	1.4024	1.4024	1.4024	0	0.00
2026/01/30	1.3933	1.3933	1.3933	1.3933	0	0.00
2026/02/02	1.3610	1.3610	1.3610	1.3610	0	0.00
2026/02/03	1.3914	1.3914	1.3914	1.3914	0	0.00
2026/02/04	1.4044	1.4044	1.4044	1.4044	0	0.00
2026/02/05	1.3814	1.3814	1.3814	1.3814	0	0.00
2026/02/06	1.3789	1.3789	1.3789	1.3789	0	0.00
2026/02/09	1.4093	1.4093	1.4093	1.4093	0	0.00
2026/02/10	1.4093	1.4093	1.4093	1.4093	0	0.00
2026/02/11	1.4095	1.4095	1.4095	1.4095	0	0.00
2026/02/12	1.4175	1.4175	1.4175	1.4175	0	0.00
2026/02/13	1.3967	1.3967	1.3967	1.3967	0	0.00
2026/02/24	1.4128	1.4128	1.4128	1.4128	0	0.00
2026/02/25	1.4314	1.4314	1.4314	1.4314	0	0.00
2026/02/26	1.4319	1.4319	1.4319	1.4319	0	0.00
2026/02/27	1.4354	1.4354	1.4354	1.4354	0	0.00
2026/03/02	1.4369	1.4369	1.4369	1.4369	0	0.00
2026/03/03	1.4025	1.4025	1.4025	1.4025	0	0.00
2026/03/04	1.3932	1.3932	1.3932	1.3932	0	0.00
2026/03/05	1.4056	1.4056	1.4056	1.4056	0	0.00
2026/03/06	1.4070	1.4070	1.4070	1.4070	0	0.00
2026/03/09	1.4013	1.4013	1.4013	1.4013	0	0.00
2026/03/10	1.4240	1.4240	1.4240	1.4240	0	0.00
2026/03/11	1.4263	1.4263	1.4263	1.4263	0	0.00
2026/03/12	1.4193	1.4193	1.4193	1.4193	0	0.00
2026/03/13	1.4129	1.4129	1.4129	1.4129	0	0.00
2026/03/16	1.4144	1.4144	1.4144	1.4144	0	0.00
2026/03/17	1.3986	1.3986	1.3986	1.3986	0	0.00
2026/03/18	1.4101	1.4101	1.4101	1.4101	0	0.00
2026/03/19	1.3809	1.3809	1.3809	1.3809	0	0.00
2026/03/20	1.3788	1.3788	1.3788	1.3788	0	0.00
2026/03/23	1.3322	1.3322	1.3322	1.3322	0	0.00
2026/03/24	1.3573	1.3573	1.3573	1.3573	0	0.00
2026/03/25	1.3818	1.3818	1.3818	1.3818	0	0.00
2026/03/26	1.3682	1.3682	1.3682	1.3682	0	0.00
2026/03/27	1.3786	1.3786	1.3786	1.3786	0	0.00
2026/03/30	1.3786	1.3786	1.3786	1.3786	0	0.00
2026/03/31	1.3556	1.3556	1.3556	1.3556	0	0.00
2026/04/01	1.3873	1.3873	1.3873	1.3873	0	0.00
2026/04/02	1.3721	1.3721	1.3721	1.3721	0	0.00
2026/04/03	1.3624	1.3624	1.3624	1.3624	0	0.00
2026/04/07	1.3608	1.3608	1.3608	1.3608	0	0.00
2026/04/08	1.4116	1.4116	1.4116	1.4116	0	0.00
2026/04/09	1.4029	1.4029	1.4029	1.4029	0	0.00
2026/04/10	1.4228	1.4228	1.4228	1.4228	0	0.00
2026/04/13	1.4269	1.4269	1.4269	1.4269	0	0.00
2026/04/14	1.4468	1.4468	1.4468	1.4468	0	0.00
2026/04/15	1.4379	1.4379	1.4379	1.4379	0	0.00
2026/04/16	1.4600	1.4600	1.4600	1.4600	0	0.00
2026/04/17	1.4561	1.4561	1.4561	1.4561	0	0.00
2026/04/20	1.4640	1.4640	1.4640	1.4640	0	0.00
2026/04/21	1.4735	1.4735	1.4735	1.4735	0	0.00
2026/04/22	1.4816	1.4816	1.4816	1.4816	0	0.00
2026/04/23	1.4697	1.4697	1.4697	1.4697	0	0.00
2026/04/24	1.4689	1.4689	1.4689	1.4689	0	0.00
2026/04/27	1.4694	1.4694	1.4694	1.4694	0	0.00
2026/04/28	1.4631	1.4631	1.4631	1.4631	0	0.00
2026/04/29	1.4889	1.4889	1.4889	1.4889	0	0.00
2026/04/30	1.4870	1.4870	1.4870	1.4870	0	0.00
2026/05/06	1.5163	1.5163	1.5163	1.5163	0	0.00
2026/05/07	1.5317	1.5317	1.5317	1.5317	0	0.00
2026/05/08	1.5260	1.5260	1.5260	1.5260	0	0.00
2026/05/11	1.5513	1.5513	1.5513	1.5513	0	0.00
2026/05/12	1.5466	1.5466	1.5466	1.5466	0	0.00
2026/05/13	1.5644	1.5644	1.5644	1.5644	0	0.00
2026/05/14	1.5341	1.5341	1.5341	1.5341	0	0.00
2026/05/15	1.5177	1.5177	1.5177	1.5177	0	0.00
2026/05/18	1.5168	1.5168	1.5168	1.5168	0	0.00
2026/05/19	1.5264	1.5264	1.5264	1.5264	0	0.00
2026/05/20	1.5381	1.5381	1.5381	1.5381	0	0.00
2026/05/21	1.5072	1.5072	1.5072	1.5072	0	0.00
2026/05/22	1.5365	1.5365	1.5365	1.5365	0	0.00
2026/05/25	1.5430	1.5430	1.5430	1.5430	0	0.00
2026/05/26	1.5410	1.5410	1.5410	1.5410	0	0.00
2026/05/27	1.5315	1.5315	1.5315	1.5315	0	0.00
2026/05/28	1.5393	1.5393	1.5393	1.5393	0	0.00
2026/05/29	1.5206	1.5206	1.5206	1.5206	0	0.00
2026/06/01	1.5002	1.5002	1.5002	1.5002	0	0.00
2026/06/02	1.5206	1.5206	1.5206	1.5206	0	0.00
2026/06/03	1.5277	1.5277	1.5277	1.5277	0	0.00
2026/06/04	1.5300	1.5300	1.5300	1.5300	0	0.00
2026/06/05	1.5003	1.5003	1.5003	1.5003	0	0.00
2026/06/08	1.4603	1.4603	1.4603	1.4603	0	0.00
2026/06/09	1.4927	1.4927	1.4927	1.4927	0	0.00
2026/06/10	1.4723	1.4723	1.4723	1.4723	0	0.00
2026/06/11	1.4641	1.4641	1.4641	1.4641	0	0.00
2026/06/12	1.4793	1.4793	1.4793	1.4793	0	0.00
2026/06/15	1.5173	1.5173	1.5173	1.5173	0	0.00
2026/06/16	1.5240	1.5240	1.5240	1.5240	0	0.00
2026/06/17	1.5453	1.5453	1.5453	1.5453	0	0.00
2026/06/18	1.5464	1.5464	1.5464	1.5464	0	0.00
2026/06/22	1.5971	1.5971	1.5971	1.5971	0	0.00
2026/06/23	1.5588	1.5588	1.5588	1.5588	0	0.00
2026/06/24	1.5802	1.5802	1.5802	1.5802	0	0.00
2026/06/25	1.5939	1.5939	1.5939	1.5939	0	0.00
2026/06/26	1.5455	1.5455	1.5455	1.5455	0	0.00
2026/06/29	1.5699	1.5699	1.5699	1.5699	0	0.00
#鑒앴윱都:繫댐斤
