512690 ОЦETFХєЛЊ ШеЯп ЧАИДШЈ
      ШеЦк	    ПЊХЬ	    зюИп	    зюЕЭ	    ЪеХЬ	    ГЩНЛСП	    ГЩНЛЖю
2019/04/12	0.1481	0.1481	0.1481	0.1481	0	0.00
2019/04/19	0.1500	0.1500	0.1500	0.1500	0	0.00
2019/04/26	0.1456	0.1456	0.1456	0.1456	0	0.00
2019/04/30	0.1528	0.1528	0.1528	0.1528	0	0.00
2019/05/06	0.1142	0.1142	0.1142	0.1142	0	0.00
2019/05/07	0.1262	0.1262	0.1262	0.1262	0	0.00
2019/05/08	0.1262	0.1262	0.1262	0.1262	0	0.00
2019/05/09	0.1091	0.1091	0.1091	0.1091	0	0.00
2019/05/10	0.1332	0.1332	0.1332	0.1332	0	0.00
2019/05/13	0.1370	0.1370	0.1370	0.1370	0	0.00
2019/05/14	0.1321	0.1321	0.1321	0.1321	0	0.00
2019/05/15	0.1595	0.1595	0.1595	0.1595	0	0.00
2019/05/16	0.1665	0.1665	0.1665	0.1665	0	0.00
2019/05/17	0.1513	0.1513	0.1513	0.1513	0	0.00
2019/05/20	0.1391	0.1391	0.1391	0.1391	0	0.00
2019/05/21	0.1448	0.1448	0.1448	0.1448	0	0.00
2019/05/22	0.1399	0.1399	0.1399	0.1399	0	0.00
2019/05/23	0.1231	0.1231	0.1231	0.1231	0	0.00
2019/05/24	0.1292	0.1292	0.1292	0.1292	0	0.00
2019/05/27	0.1323	0.1323	0.1323	0.1323	0	0.00
2019/05/28	0.1362	0.1362	0.1362	0.1362	0	0.00
2019/05/29	0.1384	0.1384	0.1384	0.1384	0	0.00
2019/05/30	0.1355	0.1355	0.1355	0.1355	0	0.00
2019/05/31	0.1291	0.1291	0.1291	0.1291	0	0.00
2019/06/03	0.1251	0.1251	0.1251	0.1251	0	0.00
2019/06/04	0.1130	0.1130	0.1130	0.1130	0	0.00
2019/06/05	0.1128	0.1128	0.1128	0.1128	0	0.00
2019/06/06	0.1074	0.1074	0.1074	0.1074	0	0.00
2019/06/10	0.1160	0.1160	0.1160	0.1160	0	0.00
2019/06/11	0.1402	0.1402	0.1402	0.1402	0	0.00
2019/06/12	0.1348	0.1348	0.1348	0.1348	0	0.00
2019/06/13	0.1329	0.1329	0.1329	0.1329	0	0.00
2019/06/14	0.1275	0.1275	0.1275	0.1275	0	0.00
2019/06/17	0.1244	0.1244	0.1244	0.1244	0	0.00
2019/06/18	0.1244	0.1244	0.1244	0.1244	0	0.00
2019/06/19	0.1317	0.1317	0.1317	0.1317	0	0.00
2019/06/20	0.1525	0.1525	0.1525	0.1525	0	0.00
2019/06/21	0.1563	0.1563	0.1563	0.1563	0	0.00
2019/06/24	0.1649	0.1649	0.1649	0.1649	0	0.00
2019/06/25	0.1648	0.1648	0.1648	0.1648	0	0.00
2019/06/26	0.1631	0.1631	0.1631	0.1631	0	0.00
2019/06/27	0.1810	0.1810	0.1810	0.1810	0	0.00
2019/06/28	0.1828	0.1828	0.1828	0.1828	0	0.00
2019/06/30	0.1826	0.1826	0.1826	0.1826	0	0.00
2019/07/01	0.2069	0.2069	0.2069	0.2069	0	0.00
2019/07/02	0.2103	0.2103	0.2103	0.2103	0	0.00
2019/07/03	0.1993	0.1993	0.1993	0.1993	0	0.00
2019/07/04	0.1887	0.1887	0.1887	0.1887	0	0.00
2019/07/05	0.2026	0.2026	0.2026	0.2026	0	0.00
2019/07/08	0.1927	0.1927	0.1927	0.1927	0	0.00
2019/07/09	0.1964	0.1964	0.1964	0.1964	0	0.00
2019/07/10	0.1978	0.1978	0.1978	0.1978	0	0.00
2019/07/11	0.1919	0.1919	0.1919	0.1919	0	0.00
2019/07/12	0.1989	0.1989	0.1989	0.1989	0	0.00
2019/07/15	0.1942	0.1942	0.1942	0.1942	0	0.00
2019/07/16	0.1884	0.1884	0.1884	0.1884	0	0.00
2019/07/17	0.1856	0.1856	0.1856	0.1856	0	0.00
2019/07/18	0.1781	0.1781	0.1781	0.1781	0	0.00
2019/07/19	0.1820	0.1820	0.1820	0.1820	0	0.00
2019/07/22	0.1820	0.1820	0.1820	0.1820	0	0.00
2019/07/23	0.1730	0.1730	0.1730	0.1730	0	0.00
2019/07/24	0.1732	0.1732	0.1732	0.1732	0	0.00
2019/07/25	0.1783	0.1783	0.1783	0.1783	0	0.00
2019/07/26	0.1784	0.1784	0.1784	0.1784	0	0.00
2019/07/29	0.1834	0.1834	0.1834	0.1834	0	0.00
2019/07/30	0.1811	0.1811	0.1811	0.1811	0	0.00
2019/07/31	0.1728	0.1728	0.1728	0.1728	0	0.00
2019/08/01	0.1657	0.1657	0.1657	0.1657	0	0.00
2019/08/02	0.1617	0.1617	0.1617	0.1617	0	0.00
2019/08/05	0.1509	0.1509	0.1509	0.1509	0	0.00
2019/08/06	0.1561	0.1561	0.1561	0.1561	0	0.00
2019/08/07	0.1520	0.1520	0.1520	0.1520	0	0.00
2019/08/08	0.1617	0.1617	0.1617	0.1617	0	0.00
2019/08/09	0.1548	0.1548	0.1548	0.1548	0	0.00
2019/08/12	0.1681	0.1681	0.1681	0.1681	0	0.00
2019/08/13	0.1670	0.1670	0.1670	0.1670	0	0.00
2019/08/14	0.1789	0.1789	0.1789	0.1789	0	0.00
2019/08/15	0.1771	0.1771	0.1771	0.1771	0	0.00
2019/08/16	0.1854	0.1854	0.1854	0.1854	0	0.00
2019/08/19	0.1925	0.1925	0.1925	0.1925	0	0.00
2019/08/20	0.1987	0.1987	0.1987	0.1987	0	0.00
2019/08/21	0.1940	0.1940	0.1940	0.1940	0	0.00
2019/08/22	0.2045	0.2045	0.2045	0.2045	0	0.00
2019/08/23	0.2051	0.2051	0.2051	0.2051	0	0.00
2019/08/26	0.1950	0.1950	0.1950	0.1950	0	0.00
2019/08/27	0.2057	0.2057	0.2057	0.2057	0	0.00
2019/08/28	0.2074	0.2074	0.2074	0.2074	0	0.00
2019/08/29	0.2122	0.2122	0.2122	0.2122	0	0.00
2019/08/30	0.2223	0.2223	0.2223	0.2223	0	0.00
2019/09/02	0.2247	0.2247	0.2247	0.2247	0	0.00
2019/09/03	0.2206	0.2206	0.2206	0.2206	0	0.00
2019/09/04	0.2136	0.2136	0.2136	0.2136	0	0.00
2019/09/05	0.2159	0.2159	0.2159	0.2159	0	0.00
2019/09/06	0.2166	0.2166	0.2166	0.2166	0	0.00
2019/09/09	0.2171	0.2171	0.2171	0.2171	0	0.00
2019/09/10	0.2152	0.2152	0.2152	0.2152	0	0.00
2019/09/11	0.1927	0.1927	0.1927	0.1927	0	0.00
2019/09/12	0.2019	0.2019	0.2019	0.2019	0	0.00
2019/09/16	0.1995	0.1995	0.1995	0.1995	0	0.00
2019/09/17	0.1989	0.1989	0.1989	0.1989	0	0.00
2019/09/18	0.2176	0.2176	0.2176	0.2176	0	0.00
2019/09/19	0.2190	0.2190	0.2190	0.2190	0	0.00
2019/09/20	0.2230	0.2230	0.2230	0.2230	0	0.00
2019/09/23	0.2163	0.2163	0.2163	0.2163	0	0.00
2019/09/24	0.2271	0.2271	0.2271	0.2271	0	0.00
2019/09/25	0.2252	0.2252	0.2252	0.2252	0	0.00
2019/09/26	0.2184	0.2184	0.2184	0.2184	0	0.00
2019/09/27	0.2162	0.2162	0.2162	0.2162	0	0.00
2019/09/30	0.2088	0.2088	0.2088	0.2088	0	0.00
2019/10/08	0.2158	0.2158	0.2158	0.2158	0	0.00
2019/10/09	0.2108	0.2108	0.2108	0.2108	0	0.00
2019/10/10	0.2104	0.2104	0.2104	0.2104	0	0.00
2019/10/11	0.2122	0.2122	0.2122	0.2122	0	0.00
2019/10/14	0.2125	0.2125	0.2125	0.2125	0	0.00
2019/10/15	0.2208	0.2208	0.2208	0.2208	0	0.00
2019/10/16	0.2118	0.2118	0.2118	0.2118	0	0.00
2019/10/17	0.2121	0.2121	0.2121	0.2121	0	0.00
2019/10/18	0.2022	0.2022	0.2022	0.2022	0	0.00
2019/10/21	0.2037	0.2037	0.2037	0.2037	0	0.00
2019/10/22	0.2054	0.2054	0.2054	0.2054	0	0.00
2019/10/23	0.1959	0.1959	0.1959	0.1959	0	0.00
2019/10/24	0.1873	0.1873	0.1873	0.1873	0	0.00
2019/10/25	0.1965	0.1965	0.1965	0.1965	0	0.00
2019/10/28	0.2083	0.2083	0.2083	0.2083	0	0.00
2019/10/29	0.2124	0.2124	0.2124	0.2124	0	0.00
2019/10/30	0.2085	0.2085	0.2085	0.2085	0	0.00
2019/10/31	0.2085	0.2085	0.2085	0.2085	0	0.00
2019/11/01	0.2164	0.2164	0.2164	0.2164	0	0.00
2019/11/04	0.2213	0.2213	0.2213	0.2213	0	0.00
2019/11/05	0.2235	0.2235	0.2235	0.2235	0	0.00
2019/11/06	0.2190	0.2190	0.2190	0.2190	0	0.00
2019/11/07	0.2234	0.2234	0.2234	0.2234	0	0.00
2019/11/08	0.2264	0.2264	0.2264	0.2264	0	0.00
2019/11/11	0.2207	0.2207	0.2207	0.2207	0	0.00
2019/11/12	0.2241	0.2241	0.2241	0.2241	0	0.00
2019/11/13	0.2309	0.2309	0.2309	0.2309	0	0.00
2019/11/14	0.2367	0.2367	0.2367	0.2367	0	0.00
2019/11/15	0.2349	0.2349	0.2349	0.2349	0	0.00
2019/11/18	0.2368	0.2368	0.2368	0.2368	0	0.00
2019/11/19	0.2420	0.2420	0.2420	0.2420	0	0.00
2019/11/20	0.2432	0.2432	0.2432	0.2432	0	0.00
2019/11/21	0.2418	0.2418	0.2418	0.2418	0	0.00
2019/11/22	0.2269	0.2269	0.2269	0.2269	0	0.00
2019/11/25	0.2252	0.2252	0.2252	0.2252	0	0.00
2019/11/26	0.2303	0.2303	0.2303	0.2303	0	0.00
2019/11/27	0.2316	0.2316	0.2316	0.2316	0	0.00
2019/11/28	0.2303	0.2303	0.2303	0.2303	0	0.00
2019/11/29	0.2166	0.2166	0.2166	0.2166	0	0.00
2019/12/02	0.2156	0.2156	0.2156	0.2156	0	0.00
2019/12/03	0.2142	0.2142	0.2142	0.2142	0	0.00
2019/12/04	0.2172	0.2172	0.2172	0.2172	0	0.00
2019/12/05	0.2177	0.2177	0.2177	0.2177	0	0.00
2019/12/06	0.2295	0.2295	0.2295	0.2295	0	0.00
2019/12/09	0.2262	0.2262	0.2262	0.2262	0	0.00
2019/12/10	0.2260	0.2260	0.2260	0.2260	0	0.00
2019/12/11	0.2210	0.2210	0.2210	0.2210	0	0.00
2019/12/12	0.2189	0.2189	0.2189	0.2189	0	0.00
2019/12/13	0.2293	0.2293	0.2293	0.2293	0	0.00
2019/12/16	0.2247	0.2247	0.2247	0.2247	0	0.00
2019/12/17	0.2291	0.2291	0.2291	0.2291	0	0.00
2019/12/18	0.2315	0.2315	0.2315	0.2315	0	0.00
2019/12/19	0.2270	0.2270	0.2270	0.2270	0	0.00
2019/12/20	0.2252	0.2252	0.2252	0.2252	0	0.00
2019/12/23	0.2196	0.2196	0.2196	0.2196	0	0.00
2019/12/24	0.2231	0.2231	0.2231	0.2231	0	0.00
2019/12/25	0.2165	0.2165	0.2165	0.2165	0	0.00
2019/12/26	0.2220	0.2220	0.2220	0.2220	0	0.00
2019/12/27	0.2266	0.2266	0.2266	0.2266	0	0.00
2019/12/30	0.2454	0.2454	0.2454	0.2454	0	0.00
2019/12/31	0.2456	0.2456	0.2456	0.2456	0	0.00
2020/01/02	0.2411	0.2411	0.2411	0.2411	0	0.00
2020/01/03	0.2346	0.2346	0.2346	0.2346	0	0.00
2020/01/06	0.2303	0.2303	0.2303	0.2303	0	0.00
2020/01/07	0.2369	0.2369	0.2369	0.2369	0	0.00
2020/01/08	0.2354	0.2354	0.2354	0.2354	0	0.00
2020/01/09	0.2477	0.2477	0.2477	0.2477	0	0.00
2020/01/10	0.2614	0.2614	0.2614	0.2614	0	0.00
2020/01/13	0.2686	0.2686	0.2686	0.2686	0	0.00
2020/01/14	0.2590	0.2590	0.2590	0.2590	0	0.00
2020/01/15	0.2627	0.2627	0.2627	0.2627	0	0.00
2020/01/16	0.2644	0.2644	0.2644	0.2644	0	0.00
2020/01/17	0.2665	0.2665	0.2665	0.2665	0	0.00
2020/01/20	0.2631	0.2631	0.2631	0.2631	0	0.00
2020/01/21	0.2465	0.2465	0.2465	0.2465	0	0.00
2020/01/22	0.2488	0.2488	0.2488	0.2488	0	0.00
2020/01/23	0.2275	0.2275	0.2275	0.2275	0	0.00
2020/02/03	0.1757	0.1757	0.1757	0.1757	0	0.00
2020/02/04	0.1732	0.1732	0.1732	0.1732	0	0.00
2020/02/05	0.1786	0.1786	0.1786	0.1786	0	0.00
2020/02/06	0.1843	0.1843	0.1843	0.1843	0	0.00
2020/02/07	0.1900	0.1900	0.1900	0.1900	0	0.00
2020/02/10	0.1930	0.1930	0.1930	0.1930	0	0.00
2020/02/11	0.2046	0.2046	0.2046	0.2046	0	0.00
2020/02/12	0.2062	0.2062	0.2062	0.2062	0	0.00
2020/02/13	0.2015	0.2015	0.2015	0.2015	0	0.00
2020/02/14	0.2000	0.2000	0.2000	0.2000	0	0.00
2020/02/17	0.2057	0.2057	0.2057	0.2057	0	0.00
2020/02/18	0.2043	0.2043	0.2043	0.2043	0	0.00
2020/02/19	0.2112	0.2112	0.2112	0.2112	0	0.00
2020/02/20	0.2305	0.2305	0.2305	0.2305	0	0.00
2020/02/21	0.2281	0.2281	0.2281	0.2281	0	0.00
2020/02/24	0.2191	0.2191	0.2191	0.2191	0	0.00
2020/02/25	0.2148	0.2148	0.2148	0.2148	0	0.00
2020/02/26	0.2081	0.2081	0.2081	0.2081	0	0.00
2020/02/27	0.2149	0.2149	0.2149	0.2149	0	0.00
2020/02/28	0.1914	0.1914	0.1914	0.1914	0	0.00
2020/03/02	0.2051	0.2051	0.2051	0.2051	0	0.00
2020/03/03	0.2101	0.2101	0.2101	0.2101	0	0.00
2020/03/04	0.2151	0.2151	0.2151	0.2151	0	0.00
2020/03/05	0.2433	0.2433	0.2433	0.2433	0	0.00
2020/03/06	0.2312	0.2312	0.2312	0.2312	0	0.00
2020/03/09	0.2093	0.2093	0.2093	0.2093	0	0.00
2020/03/10	0.2248	0.2248	0.2248	0.2248	0	0.00
2020/03/11	0.2230	0.2230	0.2230	0.2230	0	0.00
2020/03/12	0.2098	0.2098	0.2098	0.2098	0	0.00
2020/03/13	0.1997	0.1997	0.1997	0.1997	0	0.00
2020/03/16	0.1781	0.1781	0.1781	0.1781	0	0.00
2020/03/17	0.1674	0.1674	0.1674	0.1674	0	0.00
2020/03/18	0.1541	0.1541	0.1541	0.1541	0	0.00
2020/03/19	0.1377	0.1377	0.1377	0.1377	0	0.00
2020/03/20	0.1527	0.1527	0.1527	0.1527	0	0.00
2020/03/23	0.1379	0.1379	0.1379	0.1379	0	0.00
2020/03/24	0.1592	0.1592	0.1592	0.1592	0	0.00
2020/03/25	0.1742	0.1742	0.1742	0.1742	0	0.00
2020/03/26	0.1752	0.1752	0.1752	0.1752	0	0.00
2020/03/27	0.1867	0.1867	0.1867	0.1867	0	0.00
2020/03/30	0.1796	0.1796	0.1796	0.1796	0	0.00
2020/03/31	0.1878	0.1878	0.1878	0.1878	0	0.00
2020/04/01	0.1834	0.1834	0.1834	0.1834	0	0.00
2020/04/02	0.1893	0.1893	0.1893	0.1893	0	0.00
2020/04/03	0.1874	0.1874	0.1874	0.1874	0	0.00
2020/04/07	0.2012	0.2012	0.2012	0.2012	0	0.00
2020/04/08	0.1997	0.1997	0.1997	0.1997	0	0.00
2020/04/09	0.2054	0.2054	0.2054	0.2054	0	0.00
2020/04/10	0.2105	0.2105	0.2105	0.2105	0	0.00
2020/04/13	0.2101	0.2101	0.2101	0.2101	0	0.00
2020/04/14	0.2168	0.2168	0.2168	0.2168	0	0.00
2020/04/15	0.2138	0.2138	0.2138	0.2138	0	0.00
2020/04/16	0.2094	0.2094	0.2094	0.2094	0	0.00
2020/04/17	0.2154	0.2154	0.2154	0.2154	0	0.00
2020/04/20	0.2209	0.2209	0.2209	0.2209	0	0.00
2020/04/21	0.2087	0.2087	0.2087	0.2087	0	0.00
2020/04/22	0.2244	0.2244	0.2244	0.2244	0	0.00
2020/04/23	0.2256	0.2256	0.2256	0.2256	0	0.00
2020/04/24	0.2350	0.2350	0.2350	0.2350	0	0.00
2020/04/27	0.2299	0.2299	0.2299	0.2299	0	0.00
2020/04/28	0.2450	0.2450	0.2450	0.2450	0	0.00
2020/04/29	0.2382	0.2382	0.2382	0.2382	0	0.00
2020/04/30	0.2417	0.2417	0.2417	0.2417	0	0.00
2020/05/06	0.2481	0.2481	0.2481	0.2481	0	0.00
2020/05/07	0.2554	0.2554	0.2554	0.2554	0	0.00
2020/05/08	0.2619	0.2619	0.2619	0.2619	0	0.00
2020/05/11	0.2645	0.2645	0.2645	0.2645	0	0.00
2020/05/12	0.2673	0.2673	0.2673	0.2673	0	0.00
2020/05/13	0.2857	0.2857	0.2857	0.2857	0	0.00
2020/05/14	0.2864	0.2864	0.2864	0.2864	0	0.00
2020/05/15	0.2790	0.2790	0.2790	0.2790	0	0.00
2020/05/18	0.2953	0.2953	0.2953	0.2953	0	0.00
2020/05/19	0.3005	0.3005	0.3005	0.3005	0	0.00
2020/05/20	0.2946	0.2946	0.2946	0.2946	0	0.00
2020/05/21	0.2996	0.2996	0.2996	0.2996	0	0.00
2020/05/22	0.2791	0.2791	0.2791	0.2791	0	0.00
2020/05/25	0.2914	0.2914	0.2914	0.2914	0	0.00
2020/05/26	0.3000	0.3000	0.3000	0.3000	0	0.00
2020/05/27	0.2964	0.2964	0.2964	0.2964	0	0.00
2020/05/28	0.3034	0.3034	0.3034	0.3034	0	0.00
2020/05/29	0.3140	0.3140	0.3140	0.3140	0	0.00
2020/06/01	0.3301	0.3301	0.3301	0.3301	0	0.00
2020/06/02	0.3183	0.3183	0.3183	0.3183	0	0.00
2020/06/03	0.3164	0.3164	0.3164	0.3164	0	0.00
2020/06/04	0.3354	0.3354	0.3354	0.3354	0	0.00
2020/06/05	0.3420	0.3420	0.3420	0.3420	0	0.00
2020/06/08	0.3434	0.3434	0.3434	0.3434	0	0.00
2020/06/09	0.3495	0.3495	0.3495	0.3495	0	0.00
2020/06/10	0.3533	0.3533	0.3533	0.3533	0	0.00
2020/06/11	0.3402	0.3402	0.3402	0.3402	0	0.00
2020/06/12	0.3435	0.3435	0.3435	0.3435	0	0.00
2020/06/15	0.3282	0.3282	0.3282	0.3282	0	0.00
2020/06/16	0.3427	0.3427	0.3427	0.3427	0	0.00
2020/06/17	0.3346	0.3346	0.3346	0.3346	0	0.00
2020/06/18	0.3356	0.3356	0.3356	0.3356	0	0.00
2020/06/19	0.3556	0.3556	0.3556	0.3556	0	0.00
2020/06/22	0.3537	0.3537	0.3537	0.3537	0	0.00
2020/06/23	0.3787	0.3787	0.3787	0.3787	0	0.00
2020/06/24	0.3765	0.3765	0.3765	0.3765	0	0.00
2020/06/29	0.3814	0.3814	0.3814	0.3814	0	0.00
2020/06/30	0.3998	0.3998	0.3998	0.3998	0	0.00
2020/07/01	0.4395	0.4395	0.4395	0.4395	0	0.00
2020/07/02	0.4558	0.4558	0.4558	0.4558	0	0.00
2020/07/03	0.4439	0.4439	0.4439	0.4439	0	0.00
2020/07/06	0.4618	0.4618	0.4618	0.4618	0	0.00
2020/07/07	0.4866	0.4866	0.4866	0.4866	0	0.00
2020/07/08	0.4873	0.4873	0.4873	0.4873	0	0.00
2020/07/09	0.4998	0.4998	0.4998	0.4998	0	0.00
2020/07/10	0.5127	0.5127	0.5127	0.5127	0	0.00
2020/07/13	0.5524	0.5524	0.5524	0.5524	0	0.00
2020/07/14	0.5565	0.5565	0.5565	0.5565	0	0.00
2020/07/15	0.5783	0.5783	0.5783	0.5783	0	0.00
2020/07/16	0.4912	0.4912	0.4912	0.4912	0	0.00
2020/07/17	0.4941	0.4941	0.4941	0.4941	0	0.00
2020/07/20	0.4854	0.4854	0.4854	0.4854	0	0.00
2020/07/21	0.5057	0.5057	0.5057	0.5057	0	0.00
2020/07/22	0.5197	0.5197	0.5197	0.5197	0	0.00
2020/07/23	0.5228	0.5228	0.5228	0.5228	0	0.00
2020/07/24	0.4792	0.4792	0.4792	0.4792	0	0.00
2020/07/27	0.4863	0.4863	0.4863	0.4863	0	0.00
2020/07/28	0.5092	0.5092	0.5092	0.5092	0	0.00
2020/07/29	0.5161	0.5161	0.5161	0.5161	0	0.00
2020/07/30	0.5215	0.5215	0.5215	0.5215	0	0.00
2020/07/31	0.5215	0.5215	0.5215	0.5215	0	0.00
2020/08/03	0.5254	0.5254	0.5254	0.5254	0	0.00
2020/08/04	0.5203	0.5203	0.5203	0.5203	0	0.00
2020/08/05	0.5230	0.5230	0.5230	0.5230	0	0.00
2020/08/06	0.5003	0.5003	0.5003	0.5003	0	0.00
2020/08/07	0.4890	0.4890	0.4890	0.4890	0	0.00
2020/08/10	0.4903	0.4903	0.4903	0.4903	0	0.00
2020/08/11	0.4956	0.4956	0.4956	0.4956	0	0.00
2020/08/12	0.4792	0.4792	0.4792	0.4792	0	0.00
2020/08/13	0.4857	0.4857	0.4857	0.4857	0	0.00
2020/08/14	0.5130	0.5130	0.5130	0.5130	0	0.00
2020/08/17	0.5342	0.5342	0.5342	0.5342	0	0.00
2020/08/18	0.5457	0.5457	0.5457	0.5457	0	0.00
2020/08/19	0.5462	0.5462	0.5462	0.5462	0	0.00
2020/08/20	0.5255	0.5255	0.5255	0.5255	0	0.00
2020/08/21	0.5419	0.5419	0.5419	0.5419	0	0.00
2020/08/24	0.5625	0.5625	0.5625	0.5625	0	0.00
2020/08/25	0.5929	0.5929	0.5929	0.5929	0	0.00
2020/08/26	0.5917	0.5917	0.5917	0.5917	0	0.00
2020/08/27	0.6063	0.6063	0.6063	0.6063	0	0.00
2020/08/28	0.6432	0.6432	0.6432	0.6432	0	0.00
2020/08/31	0.6477	0.6477	0.6477	0.6477	0	0.00
2020/09/01	0.6368	0.6368	0.6368	0.6368	0	0.00
2020/09/02	0.6279	0.6279	0.6279	0.6279	0	0.00
2020/09/03	0.6448	0.6448	0.6448	0.6448	0	0.00
2020/09/04	0.6212	0.6212	0.6212	0.6212	0	0.00
2020/09/07	0.5986	0.5986	0.5986	0.5986	0	0.00
2020/09/08	0.5761	0.5761	0.5761	0.5761	0	0.00
2020/09/09	0.5550	0.5550	0.5550	0.5550	0	0.00
2020/09/10	0.5677	0.5677	0.5677	0.5677	0	0.00
2020/09/11	0.5953	0.5953	0.5953	0.5953	0	0.00
2020/09/14	0.6087	0.6087	0.6087	0.6087	0	0.00
2020/09/15	0.6089	0.6089	0.6089	0.6089	0	0.00
2020/09/16	0.5947	0.5947	0.5947	0.5947	0	0.00
2020/09/17	0.5717	0.5717	0.5717	0.5717	0	0.00
2020/09/18	0.5840	0.5840	0.5840	0.5840	0	0.00
2020/09/21	0.5703	0.5703	0.5703	0.5703	0	0.00
2020/09/22	0.5634	0.5634	0.5634	0.5634	0	0.00
2020/09/23	0.5608	0.5608	0.5608	0.5608	0	0.00
2020/09/24	0.5448	0.5448	0.5448	0.5448	0	0.00
2020/09/25	0.5473	0.5473	0.5473	0.5473	0	0.00
2020/09/28	0.5561	0.5561	0.5561	0.5561	0	0.00
2020/09/29	0.5555	0.5555	0.5555	0.5555	0	0.00
2020/09/30	0.5623	0.5623	0.5623	0.5623	0	0.00
2020/10/09	0.5732	0.5732	0.5732	0.5732	0	0.00
2020/10/12	0.6163	0.6163	0.6163	0.6163	0	0.00
2020/10/13	0.6292	0.6292	0.6292	0.6292	0	0.00
2020/10/14	0.6256	0.6256	0.6256	0.6256	0	0.00
2020/10/15	0.6260	0.6260	0.6260	0.6260	0	0.00
2020/10/16	0.6143	0.6143	0.6143	0.6143	0	0.00
2020/10/19	0.6041	0.6041	0.6041	0.6041	0	0.00
2020/10/20	0.6339	0.6339	0.6339	0.6339	0	0.00
2020/10/21	0.6360	0.6360	0.6360	0.6360	0	0.00
2020/10/22	0.6511	0.6511	0.6511	0.6511	0	0.00
2020/10/23	0.6320	0.6320	0.6320	0.6320	0	0.00
2020/10/26	0.6202	0.6202	0.6202	0.6202	0	0.00
2020/10/27	0.6313	0.6313	0.6313	0.6313	0	0.00
2020/10/28	0.6646	0.6646	0.6646	0.6646	0	0.00
2020/10/29	0.6907	0.6907	0.6907	0.6907	0	0.00
2020/10/30	0.6574	0.6574	0.6574	0.6574	0	0.00
2020/11/02	0.6712	0.6712	0.6712	0.6712	0	0.00
2020/11/03	0.6809	0.6809	0.6809	0.6809	0	0.00
2020/11/04	0.6861	0.6861	0.6861	0.6861	0	0.00
2020/11/05	0.7096	0.7096	0.7096	0.7096	0	0.00
2020/11/06	0.7004	0.7004	0.7004	0.7004	0	0.00
2020/11/09	0.7167	0.7167	0.7167	0.7167	0	0.00
2020/11/10	0.7431	0.7431	0.7431	0.7431	0	0.00
2020/11/11	0.7463	0.7463	0.7463	0.7463	0	0.00
2020/11/12	0.7731	0.7731	0.7731	0.7731	0	0.00
2020/11/13	0.7292	0.7292	0.7292	0.7292	0	0.00
2020/11/16	0.7711	0.7711	0.7711	0.7711	0	0.00
2020/11/17	0.7551	0.7551	0.7551	0.7551	0	0.00
2020/11/18	0.7370	0.7370	0.7370	0.7370	0	0.00
2020/11/19	0.7484	0.7484	0.7484	0.7484	0	0.00
2020/11/20	0.7721	0.7721	0.7721	0.7721	0	0.00
2020/11/23	0.7855	0.7855	0.7855	0.7855	0	0.00
2020/11/24	0.7900	0.7900	0.7900	0.7900	0	0.00
2020/11/25	0.7455	0.7455	0.7455	0.7455	0	0.00
2020/11/26	0.7512	0.7512	0.7512	0.7512	0	0.00
2020/11/27	0.7563	0.7563	0.7563	0.7563	0	0.00
2020/11/30	0.7275	0.7275	0.7275	0.7275	0	0.00
2020/12/01	0.7357	0.7357	0.7357	0.7357	0	0.00
2020/12/02	0.7328	0.7328	0.7328	0.7328	0	0.00
2020/12/03	0.7445	0.7445	0.7445	0.7445	0	0.00
2020/12/04	0.7854	0.7854	0.7854	0.7854	0	0.00
2020/12/07	0.7904	0.7904	0.7904	0.7904	0	0.00
2020/12/08	0.8082	0.8082	0.8082	0.8082	0	0.00
2020/12/09	0.8080	0.8080	0.8080	0.8080	0	0.00
2020/12/10	0.8190	0.8190	0.8190	0.8190	0	0.00
2020/12/11	0.8267	0.8267	0.8267	0.8267	0	0.00
2020/12/14	0.8589	0.8589	0.8589	0.8589	0	0.00
2020/12/15	0.8526	0.8526	0.8526	0.8526	0	0.00
2020/12/16	0.8806	0.8806	0.8806	0.8806	0	0.00
2020/12/17	0.9049	0.9049	0.9049	0.9049	0	0.00
2020/12/18	0.9058	0.9058	0.9058	0.9058	0	0.00
2020/12/21	0.9139	0.9139	0.9139	0.9139	0	0.00
2020/12/22	0.9388	0.9388	0.9388	0.9388	0	0.00
2020/12/23	0.9304	0.9304	0.9304	0.9304	0	0.00
2020/12/24	0.8999	0.8999	0.8999	0.8999	0	0.00
2020/12/25	0.8966	0.8966	0.8966	0.8966	0	0.00
2020/12/28	0.9528	0.9528	0.9528	0.9528	0	0.00
2020/12/29	0.9388	0.9388	0.9388	0.9388	0	0.00
2020/12/30	0.9696	0.9696	0.9696	0.9696	0	0.00
2020/12/31	0.9920	0.9920	0.9920	0.9920	0	0.00
2021/01/04	1.0398	1.0398	1.0398	1.0398	0	0.00
2021/01/05	1.1101	1.1101	1.1101	1.1101	0	0.00
2021/01/06	1.1129	1.1129	1.1129	1.1129	0	0.00
2021/01/07	1.1279	1.1279	1.1279	1.1279	0	0.00
2021/01/08	1.0859	1.0859	1.0859	1.0859	0	0.00
2021/01/11	1.0379	1.0379	1.0379	1.0379	0	0.00
2021/01/12	1.0810	1.0810	1.0810	1.0810	0	0.00
2021/01/13	1.0637	1.0637	1.0637	1.0637	0	0.00
2021/01/14	1.0141	1.0141	1.0141	1.0141	0	0.00
2021/01/15	0.9751	0.9751	0.9751	0.9751	0	0.00
2021/01/18	0.9564	0.9564	0.9564	0.9564	0	0.00
2021/01/19	0.9344	0.9344	0.9344	0.9344	0	0.00
2021/01/20	0.9474	0.9474	0.9474	0.9474	0	0.00
2021/01/21	0.9821	0.9821	0.9821	0.9821	0	0.00
2021/01/22	0.9769	0.9769	0.9769	0.9769	0	0.00
2021/01/25	1.0547	1.0547	1.0547	1.0547	0	0.00
2021/01/26	1.0229	1.0229	1.0229	1.0229	0	0.00
2021/01/27	0.9836	0.9836	0.9836	0.9836	0	0.00
2021/01/28	0.9639	0.9639	0.9639	0.9639	0	0.00
2021/01/29	0.9866	0.9866	0.9866	0.9866	0	0.00
2021/02/01	0.9841	0.9841	0.9841	0.9841	0	0.00
2021/02/02	1.0411	1.0411	1.0411	1.0411	0	0.00
2021/02/03	1.0450	1.0450	1.0450	1.0450	0	0.00
2021/02/04	1.0545	1.0545	1.0545	1.0545	0	0.00
2021/02/05	1.0688	1.0688	1.0688	1.0688	0	0.00
2021/02/08	1.0702	1.0702	1.0702	1.0702	0	0.00
2021/02/09	1.1063	1.1063	1.1063	1.1063	0	0.00
2021/02/10	1.1711	1.1711	1.1711	1.1711	0	0.00
2021/02/18	1.1146	1.1146	1.1146	1.1146	0	0.00
2021/02/19	1.1118	1.1118	1.1118	1.1118	0	0.00
2021/02/22	0.9988	0.9988	0.9988	0.9988	0	0.00
2021/02/23	0.9998	0.9998	0.9998	0.9998	0	0.00
2021/02/24	0.9241	0.9241	0.9241	0.9241	0	0.00
2021/02/25	0.9004	0.9004	0.9004	0.9004	0	0.00
2021/02/26	0.8670	0.8670	0.8670	0.8670	0	0.00
2021/03/01	0.8734	0.8734	0.8734	0.8734	0	0.00
2021/03/02	0.8401	0.8401	0.8401	0.8401	0	0.00
2021/03/03	0.8676	0.8676	0.8676	0.8676	0	0.00
2021/03/04	0.8067	0.8067	0.8067	0.8067	0	0.00
2021/03/05	0.8197	0.8197	0.8197	0.8197	0	0.00
2021/03/08	0.7395	0.7395	0.7395	0.7395	0	0.00
2021/03/09	0.7083	0.7083	0.7083	0.7083	0	0.00
2021/03/10	0.7418	0.7418	0.7418	0.7418	0	0.00
2021/03/11	0.7829	0.7829	0.7829	0.7829	0	0.00
2021/03/12	0.7818	0.7818	0.7818	0.7818	0	0.00
2021/03/15	0.7305	0.7305	0.7305	0.7305	0	0.00
2021/03/16	0.7589	0.7589	0.7589	0.7589	0	0.00
2021/03/17	0.7752	0.7752	0.7752	0.7752	0	0.00
2021/03/18	0.8104	0.8104	0.8104	0.8104	0	0.00
2021/03/19	0.7802	0.7802	0.7802	0.7802	0	0.00
2021/03/22	0.7830	0.7830	0.7830	0.7830	0	0.00
2021/03/23	0.7944	0.7944	0.7944	0.7944	0	0.00
2021/03/24	0.7949	0.7949	0.7949	0.7949	0	0.00
2021/03/25	0.7866	0.7866	0.7866	0.7866	0	0.00
2021/03/26	0.8264	0.8264	0.8264	0.8264	0	0.00
2021/03/29	0.8520	0.8520	0.8520	0.8520	0	0.00
2021/03/30	0.8569	0.8569	0.8569	0.8569	0	0.00
2021/03/31	0.8388	0.8388	0.8388	0.8388	0	0.00
2021/04/01	0.8671	0.8671	0.8671	0.8671	0	0.00
2021/04/02	0.9214	0.9214	0.9214	0.9214	0	0.00
2021/04/06	0.9045	0.9045	0.9045	0.9045	0	0.00
2021/04/07	0.8539	0.8539	0.8539	0.8539	0	0.00
2021/04/08	0.8770	0.8770	0.8770	0.8770	0	0.00
2021/04/09	0.8448	0.8448	0.8448	0.8448	0	0.00
2021/04/12	0.8407	0.8407	0.8407	0.8407	0	0.00
2021/04/13	0.8563	0.8563	0.8563	0.8563	0	0.00
2021/04/14	0.8737	0.8737	0.8737	0.8737	0	0.00
2021/04/15	0.8646	0.8646	0.8646	0.8646	0	0.00
2021/04/16	0.8938	0.8938	0.8938	0.8938	0	0.00
2021/04/19	0.9088	0.9088	0.9088	0.9088	0	0.00
2021/04/20	0.9253	0.9253	0.9253	0.9253	0	0.00
2021/04/21	0.9545	0.9545	0.9545	0.9545	0	0.00
2021/04/22	0.9531	0.9531	0.9531	0.9531	0	0.00
2021/04/23	0.9688	0.9688	0.9688	0.9688	0	0.00
2021/04/26	0.9464	0.9464	0.9464	0.9464	0	0.00
2021/04/27	0.9644	0.9644	0.9644	0.9644	0	0.00
2021/04/28	0.9950	0.9950	0.9950	0.9950	0	0.00
2021/04/29	0.9954	0.9954	0.9954	0.9954	0	0.00
2021/04/30	0.9831	0.9831	0.9831	0.9831	0	0.00
2021/05/06	0.9422	0.9422	0.9422	0.9422	0	0.00
2021/05/07	0.9216	0.9216	0.9216	0.9216	0	0.00
2021/05/10	0.9021	0.9021	0.9021	0.9021	0	0.00
2021/05/11	0.9454	0.9454	0.9454	0.9454	0	0.00
2021/05/12	0.9658	0.9658	0.9658	0.9658	0	0.00
2021/05/13	0.9731	0.9731	0.9731	0.9731	0	0.00
2021/05/14	0.9980	0.9980	0.9980	0.9980	0	0.00
2021/05/17	1.0241	1.0241	1.0241	1.0241	0	0.00
2021/05/18	1.0306	1.0306	1.0306	1.0306	0	0.00
2021/05/19	1.0161	1.0161	1.0161	1.0161	0	0.00
2021/05/20	1.0460	1.0460	1.0460	1.0460	0	0.00
2021/05/21	1.0473	1.0473	1.0473	1.0473	0	0.00
2021/05/24	1.0838	1.0838	1.0838	1.0838	0	0.00
2021/05/25	1.1301	1.1301	1.1301	1.1301	0	0.00
2021/05/26	1.1161	1.1161	1.1161	1.1161	0	0.00
2021/05/27	1.1255	1.1255	1.1255	1.1255	0	0.00
2021/05/28	1.1260	1.1260	1.1260	1.1260	0	0.00
2021/05/31	1.1312	1.1312	1.1312	1.1312	0	0.00
2021/06/01	1.1426	1.1426	1.1426	1.1426	0	0.00
2021/06/02	1.1238	1.1238	1.1238	1.1238	0	0.00
2021/06/03	1.1413	1.1413	1.1413	1.1413	0	0.00
2021/06/04	1.1702	1.1702	1.1702	1.1702	0	0.00
2021/06/07	1.2009	1.2009	1.2009	1.2009	0	0.00
2021/06/08	1.1021	1.1021	1.1021	1.1021	0	0.00
2021/06/09	1.1005	1.1005	1.1005	1.1005	0	0.00
2021/06/10	1.1198	1.1198	1.1198	1.1198	0	0.00
2021/06/11	1.0804	1.0804	1.0804	1.0804	0	0.00
2021/06/15	1.0826	1.0826	1.0826	1.0826	0	0.00
2021/06/16	1.0598	1.0598	1.0598	1.0598	0	0.00
2021/06/17	1.0956	1.0956	1.0956	1.0956	0	0.00
2021/06/18	1.0782	1.0782	1.0782	1.0782	0	0.00
2021/06/21	1.0667	1.0667	1.0667	1.0667	0	0.00
2021/06/22	1.0773	1.0773	1.0773	1.0773	0	0.00
2021/06/23	1.0319	1.0319	1.0319	1.0319	0	0.00
2021/06/24	1.0368	1.0368	1.0368	1.0368	0	0.00
2021/06/25	1.0678	1.0678	1.0678	1.0678	0	0.00
2021/06/28	1.0823	1.0823	1.0823	1.0823	0	0.00
2021/06/29	1.0578	1.0578	1.0578	1.0578	0	0.00
2021/06/30	1.0727	1.0727	1.0727	1.0727	0	0.00
2021/07/01	1.0839	1.0839	1.0839	1.0839	0	0.00
2021/07/02	1.0279	1.0279	1.0279	1.0279	0	0.00
2021/07/05	1.0363	1.0363	1.0363	1.0363	0	0.00
2021/07/06	1.0292	1.0292	1.0292	1.0292	0	0.00
2021/07/07	1.0503	1.0503	1.0503	1.0503	0	0.00
2021/07/08	1.0194	1.0194	1.0194	1.0194	0	0.00
2021/07/09	0.9770	0.9770	0.9770	0.9770	0	0.00
2021/07/12	0.9867	0.9867	0.9867	0.9867	0	0.00
2021/07/13	1.0201	1.0201	1.0201	1.0201	0	0.00
2021/07/14	1.0264	1.0264	1.0264	1.0264	0	0.00
2021/07/15	1.0656	1.0656	1.0656	1.0656	0	0.00
2021/07/16	1.0456	1.0456	1.0456	1.0456	0	0.00
2021/07/19	1.0575	1.0575	1.0575	1.0575	0	0.00
2021/07/20	1.0627	1.0627	1.0627	1.0627	0	0.00
2021/07/21	1.0640	1.0640	1.0640	1.0640	0	0.00
2021/07/22	1.0375	1.0375	1.0375	1.0375	0	0.00
2021/07/23	1.0010	1.0010	1.0010	1.0010	0	0.00
2021/07/26	0.9028	0.9028	0.9028	0.9028	0	0.00
2021/07/27	0.8484	0.8484	0.8484	0.8484	0	0.00
2021/07/28	0.8631	0.8631	0.8631	0.8631	0	0.00
2021/07/29	0.8492	0.8492	0.8492	0.8492	0	0.00
2021/07/30	0.7743	0.7743	0.7743	0.7743	0	0.00
2021/08/02	0.8367	0.8367	0.8367	0.8367	0	0.00
2021/08/03	0.8484	0.8484	0.8484	0.8484	0	0.00
2021/08/04	0.8304	0.8304	0.8304	0.8304	0	0.00
2021/08/05	0.8160	0.8160	0.8160	0.8160	0	0.00
2021/08/06	0.8087	0.8087	0.8087	0.8087	0	0.00
2021/08/09	0.8328	0.8328	0.8328	0.8328	0	0.00
2021/08/10	0.9078	0.9078	0.9078	0.9078	0	0.00
2021/08/11	0.8836	0.8836	0.8836	0.8836	0	0.00
2021/08/12	0.8625	0.8625	0.8625	0.8625	0	0.00
2021/08/13	0.8696	0.8696	0.8696	0.8696	0	0.00
2021/08/16	0.8740	0.8740	0.8740	0.8740	0	0.00
2021/08/17	0.8179	0.8179	0.8179	0.8179	0	0.00
2021/08/18	0.8308	0.8308	0.8308	0.8308	0	0.00
2021/08/19	0.8088	0.8088	0.8088	0.8088	0	0.00
2021/08/20	0.7350	0.7350	0.7350	0.7350	0	0.00
2021/08/23	0.7515	0.7515	0.7515	0.7515	0	0.00
2021/08/24	0.7835	0.7835	0.7835	0.7835	0	0.00
2021/08/25	0.8142	0.8142	0.8142	0.8142	0	0.00
2021/08/26	0.7753	0.7753	0.7753	0.7753	0	0.00
2021/08/27	0.7737	0.7737	0.7737	0.7737	0	0.00
2021/08/30	0.7791	0.7791	0.7791	0.7791	0	0.00
2021/08/31	0.7612	0.7612	0.7612	0.7612	0	0.00
2021/09/01	0.7966	0.7966	0.7966	0.7966	0	0.00
2021/09/02	0.7771	0.7771	0.7771	0.7771	0	0.00
2021/09/03	0.7870	0.7870	0.7870	0.7870	0	0.00
2021/09/06	0.8246	0.8246	0.8246	0.8246	0	0.00
2021/09/07	0.8318	0.8318	0.8318	0.8318	0	0.00
2021/09/08	0.8081	0.8081	0.8081	0.8081	0	0.00
2021/09/09	0.8071	0.8071	0.8071	0.8071	0	0.00
2021/09/10	0.8282	0.8282	0.8282	0.8282	0	0.00
2021/09/13	0.8134	0.8134	0.8134	0.8134	0	0.00
2021/09/14	0.8080	0.8080	0.8080	0.8080	0	0.00
2021/09/15	0.7752	0.7752	0.7752	0.7752	0	0.00
2021/09/16	0.7816	0.7816	0.7816	0.7816	0	0.00
2021/09/17	0.8262	0.8262	0.8262	0.8262	0	0.00
2021/09/22	0.7898	0.7898	0.7898	0.7898	0	0.00
2021/09/23	0.7959	0.7959	0.7959	0.7959	0	0.00
2021/09/24	0.8240	0.8240	0.8240	0.8240	0	0.00
2021/09/27	0.8987	0.8987	0.8987	0.8987	0	0.00
2021/09/28	0.8788	0.8788	0.8788	0.8788	0	0.00
2021/09/29	0.8716	0.8716	0.8716	0.8716	0	0.00
2021/09/30	0.8808	0.8808	0.8808	0.8808	0	0.00
2021/10/08	0.9148	0.9148	0.9148	0.9148	0	0.00
2021/10/11	0.9086	0.9086	0.9086	0.9086	0	0.00
2021/10/12	0.9113	0.9113	0.9113	0.9113	0	0.00
2021/10/13	0.9600	0.9600	0.9600	0.9600	0	0.00
2021/10/14	0.9553	0.9553	0.9553	0.9553	0	0.00
2021/10/15	0.9450	0.9450	0.9450	0.9450	0	0.00
2021/10/18	0.8579	0.8579	0.8579	0.8579	0	0.00
2021/10/19	0.8843	0.8843	0.8843	0.8843	0	0.00
2021/10/20	0.8906	0.8906	0.8906	0.8906	0	0.00
2021/10/21	0.8947	0.8947	0.8947	0.8947	0	0.00
2021/10/22	0.9083	0.9083	0.9083	0.9083	0	0.00
2021/10/25	0.8994	0.8994	0.8994	0.8994	0	0.00
2021/10/26	0.9050	0.9050	0.9050	0.9050	0	0.00
2021/10/27	0.8739	0.8739	0.8739	0.8739	0	0.00
2021/10/28	0.8826	0.8826	0.8826	0.8826	0	0.00
2021/10/29	0.8958	0.8958	0.8958	0.8958	0	0.00
2021/11/01	0.8853	0.8853	0.8853	0.8853	0	0.00
2021/11/02	0.8701	0.8701	0.8701	0.8701	0	0.00
2021/11/03	0.8588	0.8588	0.8588	0.8588	0	0.00
2021/11/04	0.9027	0.9027	0.9027	0.9027	0	0.00
2021/11/05	0.9050	0.9050	0.9050	0.9050	0	0.00
2021/11/08	0.9014	0.9014	0.9014	0.9014	0	0.00
2021/11/09	0.8888	0.8888	0.8888	0.8888	0	0.00
2021/11/10	0.8649	0.8649	0.8649	0.8649	0	0.00
2021/11/11	0.8660	0.8660	0.8660	0.8660	0	0.00
2021/11/12	0.8527	0.8527	0.8527	0.8527	0	0.00
2021/11/15	0.8583	0.8583	0.8583	0.8583	0	0.00
2021/11/16	0.9002	0.9002	0.9002	0.9002	0	0.00
2021/11/17	0.8920	0.8920	0.8920	0.8920	0	0.00
2021/11/18	0.8929	0.8929	0.8929	0.8929	0	0.00
2021/11/19	0.9094	0.9094	0.9094	0.9094	0	0.00
2021/11/22	0.9162	0.9162	0.9162	0.9162	0	0.00
2021/11/23	0.9181	0.9181	0.9181	0.9181	0	0.00
2021/11/24	0.9495	0.9495	0.9495	0.9495	0	0.00
2021/11/25	0.9437	0.9437	0.9437	0.9437	0	0.00
2021/11/26	0.9382	0.9382	0.9382	0.9382	0	0.00
2021/11/29	0.9450	0.9450	0.9450	0.9450	0	0.00
2021/11/30	0.9192	0.9192	0.9192	0.9192	0	0.00
2021/12/01	0.9271	0.9271	0.9271	0.9271	0	0.00
2021/12/02	0.9377	0.9377	0.9377	0.9377	0	0.00
2021/12/03	0.9745	0.9745	0.9745	0.9745	0	0.00
2021/12/06	0.9704	0.9704	0.9704	0.9704	0	0.00
2021/12/07	0.9724	0.9724	0.9724	0.9724	0	0.00
2021/12/08	1.0202	1.0202	1.0202	1.0202	0	0.00
2021/12/09	1.0442	1.0442	1.0442	1.0442	0	0.00
2021/12/10	1.0432	1.0432	1.0432	1.0432	0	0.00
2021/12/13	1.0521	1.0521	1.0521	1.0521	0	0.00
2021/12/14	1.0621	1.0621	1.0621	1.0621	0	0.00
2021/12/15	1.0430	1.0430	1.0430	1.0430	0	0.00
2021/12/16	1.0236	1.0236	1.0236	1.0236	0	0.00
2021/12/17	0.9874	0.9874	0.9874	0.9874	0	0.00
2021/12/20	0.9888	0.9888	0.9888	0.9888	0	0.00
2021/12/21	0.9821	0.9821	0.9821	0.9821	0	0.00
2021/12/22	0.9872	0.9872	0.9872	0.9872	0	0.00
2021/12/23	1.0153	1.0153	1.0153	1.0153	0	0.00
2021/12/24	1.0251	1.0251	1.0251	1.0251	0	0.00
2021/12/27	1.0113	1.0113	1.0113	1.0113	0	0.00
2021/12/28	1.0268	1.0268	1.0268	1.0268	0	0.00
2021/12/29	0.9625	0.9625	0.9625	0.9625	0	0.00
2021/12/30	0.9725	0.9725	0.9725	0.9725	0	0.00
2021/12/31	0.9571	0.9571	0.9571	0.9571	0	0.00
2022/01/04	0.9526	0.9526	0.9526	0.9526	0	0.00
2022/01/05	0.9442	0.9442	0.9442	0.9442	0	0.00
2022/01/06	0.9314	0.9314	0.9314	0.9314	0	0.00
2022/01/07	0.9113	0.9113	0.9113	0.9113	0	0.00
2022/01/10	0.9065	0.9065	0.9065	0.9065	0	0.00
2022/01/11	0.8938	0.8938	0.8938	0.8938	0	0.00
2022/01/12	0.9007	0.9007	0.9007	0.9007	0	0.00
2022/01/13	0.8709	0.8709	0.8709	0.8709	0	0.00
2022/01/14	0.8649	0.8649	0.8649	0.8649	0	0.00
2022/01/17	0.8684	0.8684	0.8684	0.8684	0	0.00
2022/01/18	0.8828	0.8828	0.8828	0.8828	0	0.00
2022/01/19	0.8733	0.8733	0.8733	0.8733	0	0.00
2022/01/20	0.8887	0.8887	0.8887	0.8887	0	0.00
2022/01/21	0.9008	0.9008	0.9008	0.9008	0	0.00
2022/01/24	0.8942	0.8942	0.8942	0.8942	0	0.00
2022/01/25	0.8721	0.8721	0.8721	0.8721	0	0.00
2022/01/26	0.8803	0.8803	0.8803	0.8803	0	0.00
2022/01/27	0.8686	0.8686	0.8686	0.8686	0	0.00
2022/01/28	0.8438	0.8438	0.8438	0.8438	0	0.00
2022/02/07	0.8424	0.8424	0.8424	0.8424	0	0.00
2022/02/08	0.8227	0.8227	0.8227	0.8227	0	0.00
2022/02/09	0.8574	0.8574	0.8574	0.8574	0	0.00
2022/02/10	0.8520	0.8520	0.8520	0.8520	0	0.00
2022/02/11	0.8531	0.8531	0.8531	0.8531	0	0.00
2022/02/14	0.8659	0.8659	0.8659	0.8659	0	0.00
2022/02/15	0.8804	0.8804	0.8804	0.8804	0	0.00
2022/02/16	0.8860	0.8860	0.8860	0.8860	0	0.00
2022/02/17	0.8815	0.8815	0.8815	0.8815	0	0.00
2022/02/18	0.8879	0.8879	0.8879	0.8879	0	0.00
2022/02/21	0.8864	0.8864	0.8864	0.8864	0	0.00
2022/02/22	0.8679	0.8679	0.8679	0.8679	0	0.00
2022/02/23	0.8753	0.8753	0.8753	0.8753	0	0.00
2022/02/24	0.8440	0.8440	0.8440	0.8440	0	0.00
2022/02/25	0.8525	0.8525	0.8525	0.8525	0	0.00
2022/02/28	0.8550	0.8550	0.8550	0.8550	0	0.00
2022/03/01	0.8786	0.8786	0.8786	0.8786	0	0.00
2022/03/02	0.8685	0.8685	0.8685	0.8685	0	0.00
2022/03/03	0.8417	0.8417	0.8417	0.8417	0	0.00
2022/03/04	0.8312	0.8312	0.8312	0.8312	0	0.00
2022/03/07	0.7937	0.7937	0.7937	0.7937	0	0.00
2022/03/08	0.7930	0.7930	0.7930	0.7930	0	0.00
2022/03/09	0.7926	0.7926	0.7926	0.7926	0	0.00
2022/03/10	0.8249	0.8249	0.8249	0.8249	0	0.00
2022/03/11	0.8216	0.8216	0.8216	0.8216	0	0.00
2022/03/14	0.7788	0.7788	0.7788	0.7788	0	0.00
2022/03/15	0.7405	0.7405	0.7405	0.7405	0	0.00
2022/03/16	0.7627	0.7627	0.7627	0.7627	0	0.00
2022/03/17	0.7853	0.7853	0.7853	0.7853	0	0.00
2022/03/18	0.7823	0.7823	0.7823	0.7823	0	0.00
2022/03/21	0.7815	0.7815	0.7815	0.7815	0	0.00
2022/03/22	0.7722	0.7722	0.7722	0.7722	0	0.00
2022/03/23	0.7843	0.7843	0.7843	0.7843	0	0.00
2022/03/24	0.7648	0.7648	0.7648	0.7648	0	0.00
2022/03/25	0.7428	0.7428	0.7428	0.7428	0	0.00
2022/03/28	0.7199	0.7199	0.7199	0.7199	0	0.00
2022/03/29	0.7130	0.7130	0.7130	0.7130	0	0.00
2022/03/30	0.7418	0.7418	0.7418	0.7418	0	0.00
2022/03/31	0.7372	0.7372	0.7372	0.7372	0	0.00
2022/04/01	0.7561	0.7561	0.7561	0.7561	0	0.00
2022/04/06	0.7473	0.7473	0.7473	0.7473	0	0.00
2022/04/07	0.7469	0.7469	0.7469	0.7469	0	0.00
2022/04/08	0.7432	0.7432	0.7432	0.7432	0	0.00
2022/04/11	0.7111	0.7111	0.7111	0.7111	0	0.00
2022/04/12	0.7542	0.7542	0.7542	0.7542	0	0.00
2022/04/13	0.7538	0.7538	0.7538	0.7538	0	0.00
2022/04/14	0.7911	0.7911	0.7911	0.7911	0	0.00
2022/04/15	0.7842	0.7842	0.7842	0.7842	0	0.00
2022/04/18	0.7817	0.7817	0.7817	0.7817	0	0.00
2022/04/19	0.7740	0.7740	0.7740	0.7740	0	0.00
2022/04/20	0.7813	0.7813	0.7813	0.7813	0	0.00
2022/04/21	0.7684	0.7684	0.7684	0.7684	0	0.00
2022/04/22	0.7715	0.7715	0.7715	0.7715	0	0.00
2022/04/25	0.7298	0.7298	0.7298	0.7298	0	0.00
2022/04/26	0.7422	0.7422	0.7422	0.7422	0	0.00
2022/04/27	0.7596	0.7596	0.7596	0.7596	0	0.00
2022/04/28	0.7772	0.7772	0.7772	0.7772	0	0.00
2022/04/29	0.7821	0.7821	0.7821	0.7821	0	0.00
2022/05/05	0.7839	0.7839	0.7839	0.7839	0	0.00
2022/05/06	0.7517	0.7517	0.7517	0.7517	0	0.00
2022/05/09	0.7377	0.7377	0.7377	0.7377	0	0.00
2022/05/10	0.7502	0.7502	0.7502	0.7502	0	0.00
2022/05/11	0.7620	0.7620	0.7620	0.7620	0	0.00
2022/05/12	0.7697	0.7697	0.7697	0.7697	0	0.00
2022/05/13	0.7672	0.7672	0.7672	0.7672	0	0.00
2022/05/16	0.7621	0.7621	0.7621	0.7621	0	0.00
2022/05/17	0.7680	0.7680	0.7680	0.7680	0	0.00
2022/05/18	0.7607	0.7607	0.7607	0.7607	0	0.00
2022/05/19	0.7530	0.7530	0.7530	0.7530	0	0.00
2022/05/20	0.7843	0.7843	0.7843	0.7843	0	0.00
2022/05/23	0.7736	0.7736	0.7736	0.7736	0	0.00
2022/05/24	0.7570	0.7570	0.7570	0.7570	0	0.00
2022/05/25	0.7550	0.7550	0.7550	0.7550	0	0.00
2022/05/26	0.7575	0.7575	0.7575	0.7575	0	0.00
2022/05/27	0.7596	0.7596	0.7596	0.7596	0	0.00
2022/05/30	0.7876	0.7876	0.7876	0.7876	0	0.00
2022/05/31	0.8129	0.8129	0.8129	0.8129	0	0.00
2022/06/01	0.8086	0.8086	0.8086	0.8086	0	0.00
2022/06/02	0.8021	0.8021	0.8021	0.8021	0	0.00
2022/06/06	0.8134	0.8134	0.8134	0.8134	0	0.00
2022/06/07	0.8268	0.8268	0.8268	0.8268	0	0.00
2022/06/08	0.8412	0.8412	0.8412	0.8412	0	0.00
2022/06/09	0.8264	0.8264	0.8264	0.8264	0	0.00
2022/06/10	0.8374	0.8374	0.8374	0.8374	0	0.00
2022/06/13	0.8206	0.8206	0.8206	0.8206	0	0.00
2022/06/14	0.8298	0.8298	0.8298	0.8298	0	0.00
2022/06/15	0.8406	0.8406	0.8406	0.8406	0	0.00
2022/06/16	0.8378	0.8378	0.8378	0.8378	0	0.00
2022/06/17	0.8579	0.8579	0.8579	0.8579	0	0.00
2022/06/20	0.8746	0.8746	0.8746	0.8746	0	0.00
2022/06/21	0.8708	0.8708	0.8708	0.8708	0	0.00
2022/06/22	0.8587	0.8587	0.8587	0.8587	0	0.00
2022/06/23	0.8662	0.8662	0.8662	0.8662	0	0.00
2022/06/24	0.8805	0.8805	0.8805	0.8805	0	0.00
2022/06/27	0.9016	0.9016	0.9016	0.9016	0	0.00
2022/06/28	0.9066	0.9066	0.9066	0.9066	0	0.00
2022/06/29	0.8976	0.8976	0.8976	0.8976	0	0.00
2022/06/30	0.9328	0.9328	0.9328	0.9328	0	0.00
2022/07/01	0.9254	0.9254	0.9254	0.9254	0	0.00
2022/07/04	0.9209	0.9209	0.9209	0.9209	0	0.00
2022/07/05	0.9139	0.9139	0.9139	0.9139	0	0.00
2022/07/06	0.8890	0.8890	0.8890	0.8890	0	0.00
2022/07/07	0.8861	0.8861	0.8861	0.8861	0	0.00
2022/07/08	0.8920	0.8920	0.8920	0.8920	0	0.00
2022/07/11	0.8721	0.8721	0.8721	0.8721	0	0.00
2022/07/12	0.8645	0.8645	0.8645	0.8645	0	0.00
2022/07/13	0.8693	0.8693	0.8693	0.8693	0	0.00
2022/07/14	0.8630	0.8630	0.8630	0.8630	0	0.00
2022/07/15	0.8651	0.8651	0.8651	0.8651	0	0.00
2022/07/18	0.8599	0.8599	0.8599	0.8599	0	0.00
2022/07/19	0.8619	0.8619	0.8619	0.8619	0	0.00
2022/07/20	0.8672	0.8672	0.8672	0.8672	0	0.00
2022/07/21	0.8575	0.8575	0.8575	0.8575	0	0.00
2022/07/22	0.8540	0.8540	0.8540	0.8540	0	0.00
2022/07/25	0.8625	0.8625	0.8625	0.8625	0	0.00
2022/07/26	0.8713	0.8713	0.8713	0.8713	0	0.00
2022/07/27	0.8564	0.8564	0.8564	0.8564	0	0.00
2022/07/28	0.8521	0.8521	0.8521	0.8521	0	0.00
2022/07/29	0.8264	0.8264	0.8264	0.8264	0	0.00
2022/08/01	0.8393	0.8393	0.8393	0.8393	0	0.00
2022/08/02	0.8259	0.8259	0.8259	0.8259	0	0.00
2022/08/03	0.8233	0.8233	0.8233	0.8233	0	0.00
2022/08/04	0.8394	0.8394	0.8394	0.8394	0	0.00
2022/08/05	0.8431	0.8431	0.8431	0.8431	0	0.00
2022/08/08	0.8378	0.8378	0.8378	0.8378	0	0.00
2022/08/09	0.8377	0.8377	0.8377	0.8377	0	0.00
2022/08/10	0.8258	0.8258	0.8258	0.8258	0	0.00
2022/08/11	0.8395	0.8395	0.8395	0.8395	0	0.00
2022/08/12	0.8486	0.8486	0.8486	0.8486	0	0.00
2022/08/15	0.8403	0.8403	0.8403	0.8403	0	0.00
2022/08/16	0.8348	0.8348	0.8348	0.8348	0	0.00
2022/08/17	0.8414	0.8414	0.8414	0.8414	0	0.00
2022/08/18	0.8272	0.8272	0.8272	0.8272	0	0.00
2022/08/19	0.8246	0.8246	0.8246	0.8246	0	0.00
2022/08/22	0.8272	0.8272	0.8272	0.8272	0	0.00
2022/08/23	0.8142	0.8142	0.8142	0.8142	0	0.00
2022/08/24	0.8082	0.8082	0.8082	0.8082	0	0.00
2022/08/25	0.8260	0.8260	0.8260	0.8260	0	0.00
2022/08/26	0.8378	0.8378	0.8378	0.8378	0	0.00
2022/08/29	0.8272	0.8272	0.8272	0.8272	0	0.00
2022/08/30	0.8234	0.8234	0.8234	0.8234	0	0.00
2022/08/31	0.8402	0.8402	0.8402	0.8402	0	0.00
2022/09/01	0.8256	0.8256	0.8256	0.8256	0	0.00
2022/09/02	0.8122	0.8122	0.8122	0.8122	0	0.00
2022/09/05	0.7949	0.7949	0.7949	0.7949	0	0.00
2022/09/06	0.7998	0.7998	0.7998	0.7998	0	0.00
2022/09/07	0.7894	0.7894	0.7894	0.7894	0	0.00
2022/09/08	0.7915	0.7915	0.7915	0.7915	0	0.00
2022/09/09	0.8007	0.8007	0.8007	0.8007	0	0.00
2022/09/13	0.8127	0.8127	0.8127	0.8127	0	0.00
2022/09/14	0.8045	0.8045	0.8045	0.8045	0	0.00
2022/09/15	0.8097	0.8097	0.8097	0.8097	0	0.00
2022/09/16	0.7906	0.7906	0.7906	0.7906	0	0.00
2022/09/19	0.8002	0.8002	0.8002	0.8002	0	0.00
2022/09/20	0.8130	0.8130	0.8130	0.8130	0	0.00
2022/09/21	0.8038	0.8038	0.8038	0.8038	0	0.00
2022/09/22	0.7918	0.7918	0.7918	0.7918	0	0.00
2022/09/23	0.7961	0.7961	0.7961	0.7961	0	0.00
2022/09/26	0.8086	0.8086	0.8086	0.8086	0	0.00
2022/09/27	0.8368	0.8368	0.8368	0.8368	0	0.00
2022/09/28	0.8308	0.8308	0.8308	0.8308	0	0.00
2022/09/29	0.8279	0.8279	0.8279	0.8279	0	0.00
2022/09/30	0.8246	0.8246	0.8246	0.8246	0	0.00
2022/10/10	0.7804	0.7804	0.7804	0.7804	0	0.00
2022/10/11	0.7818	0.7818	0.7818	0.7818	0	0.00
2022/10/12	0.7767	0.7767	0.7767	0.7767	0	0.00
2022/10/13	0.7647	0.7647	0.7647	0.7647	0	0.00
2022/10/14	0.7825	0.7825	0.7825	0.7825	0	0.00
2022/10/17	0.7709	0.7709	0.7709	0.7709	0	0.00
2022/10/18	0.7658	0.7658	0.7658	0.7658	0	0.00
2022/10/19	0.7417	0.7417	0.7417	0.7417	0	0.00
2022/10/20	0.7487	0.7487	0.7487	0.7487	0	0.00
2022/10/21	0.7378	0.7378	0.7378	0.7378	0	0.00
2022/10/24	0.6943	0.6943	0.6943	0.6943	0	0.00
2022/10/25	0.6932	0.6932	0.6932	0.6932	0	0.00
2022/10/26	0.6940	0.6940	0.6940	0.6940	0	0.00
2022/10/27	0.6630	0.6630	0.6630	0.6630	0	0.00
2022/10/28	0.6581	0.6581	0.6581	0.6581	0	0.00
2022/10/31	0.6499	0.6499	0.6499	0.6499	0	0.00
2022/11/01	0.6943	0.6943	0.6943	0.6943	0	0.00
2022/11/02	0.7102	0.7102	0.7102	0.7102	0	0.00
2022/11/03	0.7010	0.7010	0.7010	0.7010	0	0.00
2022/11/04	0.7374	0.7374	0.7374	0.7374	0	0.00
2022/11/07	0.7394	0.7394	0.7394	0.7394	0	0.00
2022/11/08	0.7281	0.7281	0.7281	0.7281	0	0.00
2022/11/09	0.7173	0.7173	0.7173	0.7173	0	0.00
2022/11/10	0.7258	0.7258	0.7258	0.7258	0	0.00
2022/11/11	0.7464	0.7464	0.7464	0.7464	0	0.00
2022/11/14	0.7395	0.7395	0.7395	0.7395	0	0.00
2022/11/15	0.7579	0.7579	0.7579	0.7579	0	0.00
2022/11/16	0.7605	0.7605	0.7605	0.7605	0	0.00
2022/11/17	0.7519	0.7519	0.7519	0.7519	0	0.00
2022/11/18	0.7546	0.7546	0.7546	0.7546	0	0.00
2022/11/21	0.7337	0.7337	0.7337	0.7337	0	0.00
2022/11/22	0.7370	0.7370	0.7370	0.7370	0	0.00
2022/11/23	0.7328	0.7328	0.7328	0.7328	0	0.00
2022/11/24	0.7241	0.7241	0.7241	0.7241	0	0.00
2022/11/25	0.7233	0.7233	0.7233	0.7233	0	0.00
2022/11/28	0.7242	0.7242	0.7242	0.7242	0	0.00
2022/11/29	0.7568	0.7568	0.7568	0.7568	0	0.00
2022/11/30	0.7542	0.7542	0.7542	0.7542	0	0.00
2022/12/01	0.7798	0.7798	0.7798	0.7798	0	0.00
2022/12/02	0.7798	0.7798	0.7798	0.7798	0	0.00
2022/12/05	0.7939	0.7939	0.7939	0.7939	0	0.00
2022/12/06	0.8178	0.8178	0.8178	0.8178	0	0.00
2022/12/07	0.8176	0.8176	0.8176	0.8176	0	0.00
2022/12/08	0.8213	0.8213	0.8213	0.8213	0	0.00
2022/12/09	0.8479	0.8479	0.8479	0.8479	0	0.00
2022/12/12	0.8350	0.8350	0.8350	0.8350	0	0.00
2022/12/13	0.8459	0.8459	0.8459	0.8459	0	0.00
2022/12/14	0.8688	0.8688	0.8688	0.8688	0	0.00
2022/12/15	0.8597	0.8597	0.8597	0.8597	0	0.00
2022/12/16	0.8648	0.8648	0.8648	0.8648	0	0.00
2022/12/19	0.8532	0.8532	0.8532	0.8532	0	0.00
2022/12/20	0.8208	0.8208	0.8208	0.8208	0	0.00
2022/12/21	0.8316	0.8316	0.8316	0.8316	0	0.00
2022/12/22	0.8502	0.8502	0.8502	0.8502	0	0.00
2022/12/23	0.8571	0.8571	0.8571	0.8571	0	0.00
2022/12/26	0.8464	0.8464	0.8464	0.8464	0	0.00
2022/12/27	0.8590	0.8590	0.8590	0.8590	0	0.00
2022/12/28	0.8556	0.8556	0.8556	0.8556	0	0.00
2022/12/29	0.8461	0.8461	0.8461	0.8461	0	0.00
2022/12/30	0.8520	0.8520	0.8520	0.8520	0	0.00
2022/12/31	0.8520	0.8520	0.8520	0.8520	0	0.00
2023/01/03	0.8369	0.8369	0.8369	0.8369	0	0.00
2023/01/04	0.8391	0.8391	0.8391	0.8391	0	0.00
2023/01/05	0.8793	0.8793	0.8793	0.8793	0	0.00
2023/01/06	0.8783	0.8783	0.8783	0.8783	0	0.00
2023/01/09	0.9016	0.9016	0.9016	0.9016	0	0.00
2023/01/10	0.9062	0.9062	0.9062	0.9062	0	0.00
2023/01/11	0.9004	0.9004	0.9004	0.9004	0	0.00
2023/01/12	0.8938	0.8938	0.8938	0.8938	0	0.00
2023/01/13	0.9199	0.9199	0.9199	0.9199	0	0.00
2023/01/16	0.9382	0.9382	0.9382	0.9382	0	0.00
2023/01/17	0.9245	0.9245	0.9245	0.9245	0	0.00
2023/01/18	0.9168	0.9168	0.9168	0.9168	0	0.00
2023/01/19	0.9132	0.9132	0.9132	0.9132	0	0.00
2023/01/20	0.9100	0.9100	0.9100	0.9100	0	0.00
2023/01/30	0.9254	0.9254	0.9254	0.9254	0	0.00
2023/01/31	0.8981	0.8981	0.8981	0.8981	0	0.00
2023/02/01	0.9042	0.9042	0.9042	0.9042	0	0.00
2023/02/02	0.9141	0.9141	0.9141	0.9141	0	0.00
2023/02/03	0.9064	0.9064	0.9064	0.9064	0	0.00
2023/02/06	0.8908	0.8908	0.8908	0.8908	0	0.00
2023/02/07	0.8891	0.8891	0.8891	0.8891	0	0.00
2023/02/08	0.8828	0.8828	0.8828	0.8828	0	0.00
2023/02/09	0.9112	0.9112	0.9112	0.9112	0	0.00
2023/02/10	0.9160	0.9160	0.9160	0.9160	0	0.00
2023/02/13	0.9496	0.9496	0.9496	0.9496	0	0.00
2023/02/14	0.9445	0.9445	0.9445	0.9445	0	0.00
2023/02/15	0.9448	0.9448	0.9448	0.9448	0	0.00
2023/02/16	0.9512	0.9512	0.9512	0.9512	0	0.00
2023/02/17	0.9405	0.9405	0.9405	0.9405	0	0.00
2023/02/20	0.9589	0.9589	0.9589	0.9589	0	0.00
2023/02/21	0.9465	0.9465	0.9465	0.9465	0	0.00
2023/02/22	0.9444	0.9444	0.9444	0.9444	0	0.00
2023/02/23	0.9349	0.9349	0.9349	0.9349	0	0.00
2023/02/24	0.9205	0.9205	0.9205	0.9205	0	0.00
2023/02/27	0.9312	0.9312	0.9312	0.9312	0	0.00
2023/02/28	0.9314	0.9314	0.9314	0.9314	0	0.00
2023/03/01	0.9400	0.9400	0.9400	0.9400	0	0.00
2023/03/02	0.9383	0.9383	0.9383	0.9383	0	0.00
2023/03/03	0.9320	0.9320	0.9320	0.9320	0	0.00
2023/03/06	0.9308	0.9308	0.9308	0.9308	0	0.00
2023/03/07	0.9146	0.9146	0.9146	0.9146	0	0.00
2023/03/08	0.9077	0.9077	0.9077	0.9077	0	0.00
2023/03/09	0.9011	0.9011	0.9011	0.9011	0	0.00
2023/03/10	0.8879	0.8879	0.8879	0.8879	0	0.00
2023/03/13	0.9054	0.9054	0.9054	0.9054	0	0.00
2023/03/14	0.8956	0.8956	0.8956	0.8956	0	0.00
2023/03/15	0.8834	0.8834	0.8834	0.8834	0	0.00
2023/03/16	0.8831	0.8831	0.8831	0.8831	0	0.00
2023/03/17	0.8686	0.8686	0.8686	0.8686	0	0.00
2023/03/20	0.8587	0.8587	0.8587	0.8587	0	0.00
2023/03/21	0.8843	0.8843	0.8843	0.8843	0	0.00
2023/03/22	0.8817	0.8817	0.8817	0.8817	0	0.00
2023/03/23	0.8927	0.8927	0.8927	0.8927	0	0.00
2023/03/24	0.8936	0.8936	0.8936	0.8936	0	0.00
2023/03/27	0.8848	0.8848	0.8848	0.8848	0	0.00
2023/03/28	0.9027	0.9027	0.9027	0.9027	0	0.00
2023/03/29	0.9116	0.9116	0.9116	0.9116	0	0.00
2023/03/30	0.9222	0.9222	0.9222	0.9222	0	0.00
2023/03/31	0.9199	0.9199	0.9199	0.9199	0	0.00
2023/04/03	0.9155	0.9155	0.9155	0.9155	0	0.00
2023/04/04	0.9248	0.9248	0.9248	0.9248	0	0.00
2023/04/06	0.9052	0.9052	0.9052	0.9052	0	0.00
2023/04/07	0.8983	0.8983	0.8983	0.8983	0	0.00
2023/04/10	0.8865	0.8865	0.8865	0.8865	0	0.00
2023/04/11	0.8677	0.8677	0.8677	0.8677	0	0.00
2023/04/12	0.8459	0.8459	0.8459	0.8459	0	0.00
2023/04/13	0.8546	0.8546	0.8546	0.8546	0	0.00
2023/04/14	0.8428	0.8428	0.8428	0.8428	0	0.00
2023/04/17	0.8560	0.8560	0.8560	0.8560	0	0.00
2023/04/18	0.8574	0.8574	0.8574	0.8574	0	0.00
2023/04/19	0.8517	0.8517	0.8517	0.8517	0	0.00
2023/04/20	0.8399	0.8399	0.8399	0.8399	0	0.00
2023/04/21	0.8334	0.8334	0.8334	0.8334	0	0.00
2023/04/24	0.8185	0.8185	0.8185	0.8185	0	0.00
2023/04/25	0.8313	0.8313	0.8313	0.8313	0	0.00
2023/04/26	0.8325	0.8325	0.8325	0.8325	0	0.00
2023/04/27	0.8335	0.8335	0.8335	0.8335	0	0.00
2023/04/28	0.8391	0.8391	0.8391	0.8391	0	0.00
2023/05/04	0.8295	0.8295	0.8295	0.8295	0	0.00
2023/05/05	0.8383	0.8383	0.8383	0.8383	0	0.00
2023/05/08	0.8254	0.8254	0.8254	0.8254	0	0.00
2023/05/09	0.8272	0.8272	0.8272	0.8272	0	0.00
2023/05/10	0.8196	0.8196	0.8196	0.8196	0	0.00
2023/05/11	0.8156	0.8156	0.8156	0.8156	0	0.00
2023/05/12	0.8046	0.8046	0.8046	0.8046	0	0.00
2023/05/15	0.8136	0.8136	0.8136	0.8136	0	0.00
2023/05/16	0.8043	0.8043	0.8043	0.8043	0	0.00
2023/05/17	0.7952	0.7952	0.7952	0.7952	0	0.00
2023/05/18	0.7910	0.7910	0.7910	0.7910	0	0.00
2023/05/19	0.8038	0.8038	0.8038	0.8038	0	0.00
2023/05/22	0.8251	0.8251	0.8251	0.8251	0	0.00
2023/05/23	0.8106	0.8106	0.8106	0.8106	0	0.00
2023/05/24	0.7980	0.7980	0.7980	0.7980	0	0.00
2023/05/25	0.7908	0.7908	0.7908	0.7908	0	0.00
2023/05/26	0.7896	0.7896	0.7896	0.7896	0	0.00
2023/05/29	0.7839	0.7839	0.7839	0.7839	0	0.00
2023/05/30	0.7739	0.7739	0.7739	0.7739	0	0.00
2023/05/31	0.7576	0.7576	0.7576	0.7576	0	0.00
2023/06/01	0.7625	0.7625	0.7625	0.7625	0	0.00
2023/06/02	0.7797	0.7797	0.7797	0.7797	0	0.00
2023/06/05	0.7637	0.7637	0.7637	0.7637	0	0.00
2023/06/06	0.7627	0.7627	0.7627	0.7627	0	0.00
2023/06/07	0.7508	0.7508	0.7508	0.7508	0	0.00
2023/06/08	0.7575	0.7575	0.7575	0.7575	0	0.00
2023/06/09	0.7547	0.7547	0.7547	0.7547	0	0.00
2023/06/12	0.7809	0.7809	0.7809	0.7809	0	0.00
2023/06/13	0.7875	0.7875	0.7875	0.7875	0	0.00
2023/06/14	0.8077	0.8077	0.8077	0.8077	0	0.00
2023/06/15	0.8220	0.8220	0.8220	0.8220	0	0.00
2023/06/16	0.8294	0.8294	0.8294	0.8294	0	0.00
2023/06/19	0.8095	0.8095	0.8095	0.8095	0	0.00
2023/06/20	0.7986	0.7986	0.7986	0.7986	0	0.00
2023/06/21	0.7889	0.7889	0.7889	0.7889	0	0.00
2023/06/26	0.7690	0.7690	0.7690	0.7690	0	0.00
2023/06/27	0.7776	0.7776	0.7776	0.7776	0	0.00
2023/06/28	0.7790	0.7790	0.7790	0.7790	0	0.00
2023/06/29	0.7659	0.7659	0.7659	0.7659	0	0.00
2023/06/30	0.7623	0.7623	0.7623	0.7623	0	0.00
2023/07/03	0.7843	0.7843	0.7843	0.7843	0	0.00
2023/07/04	0.7887	0.7887	0.7887	0.7887	0	0.00
2023/07/05	0.7745	0.7745	0.7745	0.7745	0	0.00
2023/07/06	0.7662	0.7662	0.7662	0.7662	0	0.00
2023/07/07	0.7628	0.7628	0.7628	0.7628	0	0.00
2023/07/10	0.7688	0.7688	0.7688	0.7688	0	0.00
2023/07/11	0.7694	0.7694	0.7694	0.7694	0	0.00
2023/07/12	0.7704	0.7704	0.7704	0.7704	0	0.00
2023/07/13	0.7986	0.7986	0.7986	0.7986	0	0.00
2023/07/14	0.7957	0.7957	0.7957	0.7957	0	0.00
2023/07/17	0.7852	0.7852	0.7852	0.7852	0	0.00
2023/07/18	0.7813	0.7813	0.7813	0.7813	0	0.00
2023/07/19	0.7784	0.7784	0.7784	0.7784	0	0.00
2023/07/20	0.7783	0.7783	0.7783	0.7783	0	0.00
2023/07/21	0.7945	0.7945	0.7945	0.7945	0	0.00
2023/07/24	0.7860	0.7860	0.7860	0.7860	0	0.00
2023/07/25	0.8250	0.8250	0.8250	0.8250	0	0.00
2023/07/26	0.8242	0.8242	0.8242	0.8242	0	0.00
2023/07/27	0.8337	0.8337	0.8337	0.8337	0	0.00
2023/07/28	0.8510	0.8510	0.8510	0.8510	0	0.00
2023/07/31	0.8527	0.8527	0.8527	0.8527	0	0.00
2023/08/01	0.8431	0.8431	0.8431	0.8431	0	0.00
2023/08/02	0.8392	0.8392	0.8392	0.8392	0	0.00
2023/08/03	0.8457	0.8457	0.8457	0.8457	0	0.00
2023/08/04	0.8483	0.8483	0.8483	0.8483	0	0.00
2023/08/07	0.8360	0.8360	0.8360	0.8360	0	0.00
2023/08/08	0.8370	0.8370	0.8370	0.8370	0	0.00
2023/08/09	0.8370	0.8370	0.8370	0.8370	0	0.00
2023/08/10	0.8350	0.8350	0.8350	0.8350	0	0.00
2023/08/11	0.8158	0.8158	0.8158	0.8158	0	0.00
2023/08/14	0.8052	0.8052	0.8052	0.8052	0	0.00
2023/08/15	0.8032	0.8032	0.8032	0.8032	0	0.00
2023/08/16	0.8024	0.8024	0.8024	0.8024	0	0.00
2023/08/17	0.8189	0.8189	0.8189	0.8189	0	0.00
2023/08/18	0.8005	0.8005	0.8005	0.8005	0	0.00
2023/08/21	0.7991	0.7991	0.7991	0.7991	0	0.00
2023/08/22	0.7983	0.7983	0.7983	0.7983	0	0.00
2023/08/23	0.7857	0.7857	0.7857	0.7857	0	0.00
2023/08/24	0.8067	0.8067	0.8067	0.8067	0	0.00
2023/08/25	0.8007	0.8007	0.8007	0.8007	0	0.00
2023/08/28	0.7997	0.7997	0.7997	0.7997	0	0.00
2023/08/29	0.8128	0.8128	0.8128	0.8128	0	0.00
2023/08/30	0.8095	0.8095	0.8095	0.8095	0	0.00
2023/08/31	0.8058	0.8058	0.8058	0.8058	0	0.00
2023/09/01	0.8208	0.8208	0.8208	0.8208	0	0.00
2023/09/04	0.8460	0.8460	0.8460	0.8460	0	0.00
2023/09/05	0.8366	0.8366	0.8366	0.8366	0	0.00
2023/09/06	0.8349	0.8349	0.8349	0.8349	0	0.00
2023/09/07	0.8235	0.8235	0.8235	0.8235	0	0.00
2023/09/08	0.8183	0.8183	0.8183	0.8183	0	0.00
2023/09/11	0.8250	0.8250	0.8250	0.8250	0	0.00
2023/09/12	0.8186	0.8186	0.8186	0.8186	0	0.00
2023/09/13	0.8193	0.8193	0.8193	0.8193	0	0.00
2023/09/14	0.8148	0.8148	0.8148	0.8148	0	0.00
2023/09/15	0.8037	0.8037	0.8037	0.8037	0	0.00
2023/09/18	0.8122	0.8122	0.8122	0.8122	0	0.00
2023/09/19	0.8062	0.8062	0.8062	0.8062	0	0.00
2023/09/20	0.8012	0.8012	0.8012	0.8012	0	0.00
2023/09/21	0.7857	0.7857	0.7857	0.7857	0	0.00
2023/09/22	0.8015	0.8015	0.8015	0.8015	0	0.00
2023/09/25	0.7945	0.7945	0.7945	0.7945	0	0.00
2023/09/26	0.7867	0.7867	0.7867	0.7867	0	0.00
2023/09/27	0.7859	0.7859	0.7859	0.7859	0	0.00
2023/09/28	0.7777	0.7777	0.7777	0.7777	0	0.00
2023/10/09	0.7739	0.7739	0.7739	0.7739	0	0.00
2023/10/10	0.7677	0.7677	0.7677	0.7677	0	0.00
2023/10/11	0.7666	0.7666	0.7666	0.7666	0	0.00
2023/10/12	0.7673	0.7673	0.7673	0.7673	0	0.00
2023/10/13	0.7520	0.7520	0.7520	0.7520	0	0.00
2023/10/16	0.7405	0.7405	0.7405	0.7405	0	0.00
2023/10/17	0.7403	0.7403	0.7403	0.7403	0	0.00
2023/10/18	0.7373	0.7373	0.7373	0.7373	0	0.00
2023/10/19	0.7143	0.7143	0.7143	0.7143	0	0.00
2023/10/20	0.7120	0.7120	0.7120	0.7120	0	0.00
2023/10/23	0.7114	0.7114	0.7114	0.7114	0	0.00
2023/10/24	0.7153	0.7153	0.7153	0.7153	0	0.00
2023/10/25	0.7353	0.7353	0.7353	0.7353	0	0.00
2023/10/26	0.7406	0.7406	0.7406	0.7406	0	0.00
2023/10/27	0.7504	0.7504	0.7504	0.7504	0	0.00
2023/10/30	0.7594	0.7594	0.7594	0.7594	0	0.00
2023/10/31	0.7605	0.7605	0.7605	0.7605	0	0.00
2023/11/01	0.7749	0.7749	0.7749	0.7749	0	0.00
2023/11/02	0.7631	0.7631	0.7631	0.7631	0	0.00
2023/11/03	0.7710	0.7710	0.7710	0.7710	0	0.00
2023/11/06	0.7716	0.7716	0.7716	0.7716	0	0.00
2023/11/07	0.7666	0.7666	0.7666	0.7666	0	0.00
2023/11/08	0.7652	0.7652	0.7652	0.7652	0	0.00
2023/11/09	0.7644	0.7644	0.7644	0.7644	0	0.00
2023/11/10	0.7549	0.7549	0.7549	0.7549	0	0.00
2023/11/13	0.7484	0.7484	0.7484	0.7484	0	0.00
2023/11/14	0.7491	0.7491	0.7491	0.7491	0	0.00
2023/11/15	0.7548	0.7548	0.7548	0.7548	0	0.00
2023/11/16	0.7474	0.7474	0.7474	0.7474	0	0.00
2023/11/17	0.7432	0.7432	0.7432	0.7432	0	0.00
2023/11/20	0.7455	0.7455	0.7455	0.7455	0	0.00
2023/11/21	0.7566	0.7566	0.7566	0.7566	0	0.00
2023/11/22	0.7510	0.7510	0.7510	0.7510	0	0.00
2023/11/23	0.7500	0.7500	0.7500	0.7500	0	0.00
2023/11/24	0.7481	0.7481	0.7481	0.7481	0	0.00
2023/11/27	0.7363	0.7363	0.7363	0.7363	0	0.00
2023/11/28	0.7344	0.7344	0.7344	0.7344	0	0.00
2023/11/29	0.7333	0.7333	0.7333	0.7333	0	0.00
2023/11/30	0.7385	0.7385	0.7385	0.7385	0	0.00
2023/12/01	0.7281	0.7281	0.7281	0.7281	0	0.00
2023/12/04	0.7171	0.7171	0.7171	0.7171	0	0.00
2023/12/05	0.6995	0.6995	0.6995	0.6995	0	0.00
2023/12/06	0.7024	0.7024	0.7024	0.7024	0	0.00
2023/12/07	0.7002	0.7002	0.7002	0.7002	0	0.00
2023/12/08	0.7022	0.7022	0.7022	0.7022	0	0.00
2023/12/11	0.6924	0.6924	0.6924	0.6924	0	0.00
2023/12/12	0.6988	0.6988	0.6988	0.6988	0	0.00
2023/12/13	0.6743	0.6743	0.6743	0.6743	0	0.00
2023/12/14	0.6621	0.6621	0.6621	0.6621	0	0.00
2023/12/15	0.6651	0.6651	0.6651	0.6651	0	0.00
2023/12/18	0.6630	0.6630	0.6630	0.6630	0	0.00
2023/12/19	0.6642	0.6642	0.6642	0.6642	0	0.00
2023/12/20	0.6556	0.6556	0.6556	0.6556	0	0.00
2023/12/21	0.6677	0.6677	0.6677	0.6677	0	0.00
2023/12/22	0.6653	0.6653	0.6653	0.6653	0	0.00
2023/12/25	0.6709	0.6709	0.6709	0.6709	0	0.00
2023/12/26	0.6670	0.6670	0.6670	0.6670	0	0.00
2023/12/27	0.6662	0.6662	0.6662	0.6662	0	0.00
2023/12/28	0.6944	0.6944	0.6944	0.6944	0	0.00
2023/12/29	0.6927	0.6927	0.6927	0.6927	0	0.00
2023/12/31	0.6927	0.6927	0.6927	0.6927	0	0.00
2024/01/02	0.6723	0.6723	0.6723	0.6723	0	0.00
2024/01/03	0.6695	0.6695	0.6695	0.6695	0	0.00
2024/01/04	0.6550	0.6550	0.6550	0.6550	0	0.00
2024/01/05	0.6493	0.6493	0.6493	0.6493	0	0.00
2024/01/08	0.6392	0.6392	0.6392	0.6392	0	0.00
2024/01/09	0.6384	0.6384	0.6384	0.6384	0	0.00
2024/01/10	0.6442	0.6442	0.6442	0.6442	0	0.00
2024/01/11	0.6479	0.6479	0.6479	0.6479	0	0.00
2024/01/12	0.6436	0.6436	0.6436	0.6436	0	0.00
2024/01/15	0.6380	0.6380	0.6380	0.6380	0	0.00
2024/01/16	0.6395	0.6395	0.6395	0.6395	0	0.00
2024/01/17	0.6191	0.6191	0.6191	0.6191	0	0.00
2024/01/18	0.6314	0.6314	0.6314	0.6314	0	0.00
2024/01/19	0.6342	0.6342	0.6342	0.6342	0	0.00
2024/01/22	0.6201	0.6201	0.6201	0.6201	0	0.00
2024/01/23	0.6180	0.6180	0.6180	0.6180	0	0.00
2024/01/24	0.6177	0.6177	0.6177	0.6177	0	0.00
2024/01/25	0.6322	0.6322	0.6322	0.6322	0	0.00
2024/01/26	0.6323	0.6323	0.6323	0.6323	0	0.00
2024/01/29	0.6357	0.6357	0.6357	0.6357	0	0.00
2024/01/30	0.6136	0.6136	0.6136	0.6136	0	0.00
2024/01/31	0.6034	0.6034	0.6034	0.6034	0	0.00
2024/02/01	0.6044	0.6044	0.6044	0.6044	0	0.00
2024/02/02	0.5995	0.5995	0.5995	0.5995	0	0.00
2024/02/05	0.6004	0.6004	0.6004	0.6004	0	0.00
2024/02/06	0.6274	0.6274	0.6274	0.6274	0	0.00
2024/02/07	0.6407	0.6407	0.6407	0.6407	0	0.00
2024/02/08	0.6411	0.6411	0.6411	0.6411	0	0.00
2024/02/19	0.6427	0.6427	0.6427	0.6427	0	0.00
2024/02/20	0.6359	0.6359	0.6359	0.6359	0	0.00
2024/02/21	0.6652	0.6652	0.6652	0.6652	0	0.00
2024/02/22	0.6677	0.6677	0.6677	0.6677	0	0.00
2024/02/23	0.6708	0.6708	0.6708	0.6708	0	0.00
2024/02/26	0.6626	0.6626	0.6626	0.6626	0	0.00
2024/02/27	0.6636	0.6636	0.6636	0.6636	0	0.00
2024/02/28	0.6550	0.6550	0.6550	0.6550	0	0.00
2024/02/29	0.6699	0.6699	0.6699	0.6699	0	0.00
2024/03/01	0.6714	0.6714	0.6714	0.6714	0	0.00
2024/03/04	0.6644	0.6644	0.6644	0.6644	0	0.00
2024/03/05	0.6711	0.6711	0.6711	0.6711	0	0.00
2024/03/06	0.6620	0.6620	0.6620	0.6620	0	0.00
2024/03/07	0.6598	0.6598	0.6598	0.6598	0	0.00
2024/03/08	0.6552	0.6552	0.6552	0.6552	0	0.00
2024/03/11	0.6724	0.6724	0.6724	0.6724	0	0.00
2024/03/12	0.7031	0.7031	0.7031	0.7031	0	0.00
2024/03/13	0.7003	0.7003	0.7003	0.7003	0	0.00
2024/03/14	0.6991	0.6991	0.6991	0.6991	0	0.00
2024/03/15	0.7025	0.7025	0.7025	0.7025	0	0.00
2024/03/18	0.7034	0.7034	0.7034	0.7034	0	0.00
2024/03/19	0.7125	0.7125	0.7125	0.7125	0	0.00
2024/03/20	0.7092	0.7092	0.7092	0.7092	0	0.00
2024/03/21	0.7119	0.7119	0.7119	0.7119	0	0.00
2024/03/22	0.6970	0.6970	0.6970	0.6970	0	0.00
2024/03/25	0.6891	0.6891	0.6891	0.6891	0	0.00
2024/03/26	0.7009	0.7009	0.7009	0.7009	0	0.00
2024/03/27	0.6904	0.6904	0.6904	0.6904	0	0.00
2024/03/28	0.6914	0.6914	0.6914	0.6914	0	0.00
2024/03/29	0.6906	0.6906	0.6906	0.6906	0	0.00
2024/03/31	0.6906	0.6906	0.6906	0.6906	0	0.00
2024/04/01	0.7097	0.7097	0.7097	0.7097	0	0.00
2024/04/02	0.7062	0.7062	0.7062	0.7062	0	0.00
2024/04/03	0.7052	0.7052	0.7052	0.7052	0	0.00
2024/04/08	0.6778	0.6778	0.6778	0.6778	0	0.00
2024/04/09	0.6782	0.6782	0.6782	0.6782	0	0.00
2024/04/10	0.6682	0.6682	0.6682	0.6682	0	0.00
2024/04/11	0.6681	0.6681	0.6681	0.6681	0	0.00
2024/04/12	0.6574	0.6574	0.6574	0.6574	0	0.00
2024/04/15	0.6792	0.6792	0.6792	0.6792	0	0.00
2024/04/16	0.6663	0.6663	0.6663	0.6663	0	0.00
2024/04/17	0.6685	0.6685	0.6685	0.6685	0	0.00
2024/04/18	0.6693	0.6693	0.6693	0.6693	0	0.00
2024/04/19	0.6598	0.6598	0.6598	0.6598	0	0.00
2024/04/22	0.6736	0.6736	0.6736	0.6736	0	0.00
2024/04/23	0.6820	0.6820	0.6820	0.6820	0	0.00
2024/04/24	0.6836	0.6836	0.6836	0.6836	0	0.00
2024/04/25	0.6805	0.6805	0.6805	0.6805	0	0.00
2024/04/26	0.6941	0.6941	0.6941	0.6941	0	0.00
2024/04/29	0.7000	0.7000	0.7000	0.7000	0	0.00
2024/04/30	0.6996	0.6996	0.6996	0.6996	0	0.00
2024/05/06	0.7234	0.7234	0.7234	0.7234	0	0.00
2024/05/07	0.7262	0.7262	0.7262	0.7262	0	0.00
2024/05/08	0.7187	0.7187	0.7187	0.7187	0	0.00
2024/05/09	0.7197	0.7197	0.7197	0.7197	0	0.00
2024/05/10	0.7154	0.7154	0.7154	0.7154	0	0.00
2024/05/13	0.7011	0.7011	0.7011	0.7011	0	0.00
2024/05/14	0.7044	0.7044	0.7044	0.7044	0	0.00
2024/05/15	0.7014	0.7014	0.7014	0.7014	0	0.00
2024/05/16	0.7083	0.7083	0.7083	0.7083	0	0.00
2024/05/17	0.7181	0.7181	0.7181	0.7181	0	0.00
2024/05/20	0.7216	0.7216	0.7216	0.7216	0	0.00
2024/05/21	0.7191	0.7191	0.7191	0.7191	0	0.00
2024/05/22	0.7112	0.7112	0.7112	0.7112	0	0.00
2024/05/23	0.7013	0.7013	0.7013	0.7013	0	0.00
2024/05/24	0.6917	0.6917	0.6917	0.6917	0	0.00
2024/05/27	0.6923	0.6923	0.6923	0.6923	0	0.00
2024/05/28	0.6846	0.6846	0.6846	0.6846	0	0.00
2024/05/29	0.6824	0.6824	0.6824	0.6824	0	0.00
2024/05/30	0.6714	0.6714	0.6714	0.6714	0	0.00
2024/05/31	0.6728	0.6728	0.6728	0.6728	0	0.00
2024/06/03	0.6707	0.6707	0.6707	0.6707	0	0.00
2024/06/04	0.6781	0.6781	0.6781	0.6781	0	0.00
2024/06/05	0.6701	0.6701	0.6701	0.6701	0	0.00
2024/06/06	0.6630	0.6630	0.6630	0.6630	0	0.00
2024/06/07	0.6555	0.6555	0.6555	0.6555	0	0.00
2024/06/11	0.6409	0.6409	0.6409	0.6409	0	0.00
2024/06/12	0.6402	0.6402	0.6402	0.6402	0	0.00
2024/06/13	0.6308	0.6308	0.6308	0.6308	0	0.00
2024/06/14	0.6347	0.6347	0.6347	0.6347	0	0.00
2024/06/17	0.6343	0.6343	0.6343	0.6343	0	0.00
2024/06/18	0.6251	0.6251	0.6251	0.6251	0	0.00
2024/06/19	0.6240	0.6240	0.6240	0.6240	0	0.00
2024/06/20	0.6168	0.6168	0.6168	0.6168	0	0.00
2024/06/21	0.6064	0.6064	0.6064	0.6064	0	0.00
2024/06/24	0.6073	0.6073	0.6073	0.6073	0	0.00
2024/06/25	0.6068	0.6068	0.6068	0.6068	0	0.00
2024/06/26	0.6089	0.6089	0.6089	0.6089	0	0.00
2024/06/27	0.6008	0.6008	0.6008	0.6008	0	0.00
2024/06/28	0.5899	0.5899	0.5899	0.5899	0	0.00
2024/06/30	0.5899	0.5899	0.5899	0.5899	0	0.00
2024/07/01	0.5861	0.5861	0.5861	0.5861	0	0.00
2024/07/02	0.5949	0.5949	0.5949	0.5949	0	0.00
2024/07/03	0.5894	0.5894	0.5894	0.5894	0	0.00
2024/07/04	0.5809	0.5809	0.5809	0.5809	0	0.00
2024/07/05	0.5742	0.5742	0.5742	0.5742	0	0.00
2024/07/08	0.5603	0.5603	0.5603	0.5603	0	0.00
2024/07/09	0.5659	0.5659	0.5659	0.5659	0	0.00
2024/07/10	0.5656	0.5656	0.5656	0.5656	0	0.00
2024/07/11	0.5814	0.5814	0.5814	0.5814	0	0.00
2024/07/12	0.5877	0.5877	0.5877	0.5877	0	0.00
2024/07/15	0.5862	0.5862	0.5862	0.5862	0	0.00
2024/07/16	0.5845	0.5845	0.5845	0.5845	0	0.00
2024/07/17	0.5985	0.5985	0.5985	0.5985	0	0.00
2024/07/18	0.5983	0.5983	0.5983	0.5983	0	0.00
2024/07/19	0.6082	0.6082	0.6082	0.6082	0	0.00
2024/07/22	0.5952	0.5952	0.5952	0.5952	0	0.00
2024/07/23	0.5718	0.5718	0.5718	0.5718	0	0.00
2024/07/24	0.5645	0.5645	0.5645	0.5645	0	0.00
2024/07/25	0.5635	0.5635	0.5635	0.5635	0	0.00
2024/07/26	0.5639	0.5639	0.5639	0.5639	0	0.00
2024/07/29	0.5549	0.5549	0.5549	0.5549	0	0.00
2024/07/30	0.5536	0.5536	0.5536	0.5536	0	0.00
2024/07/31	0.5721	0.5721	0.5721	0.5721	0	0.00
2024/08/01	0.5581	0.5581	0.5581	0.5581	0	0.00
2024/08/02	0.5556	0.5556	0.5556	0.5556	0	0.00
2024/08/05	0.5634	0.5634	0.5634	0.5634	0	0.00
2024/08/06	0.5670	0.5670	0.5670	0.5670	0	0.00
2024/08/07	0.5718	0.5718	0.5718	0.5718	0	0.00
2024/08/08	0.5808	0.5808	0.5808	0.5808	0	0.00
2024/08/09	0.5776	0.5776	0.5776	0.5776	0	0.00
2024/08/12	0.5745	0.5745	0.5745	0.5745	0	0.00
2024/08/13	0.5676	0.5676	0.5676	0.5676	0	0.00
2024/08/14	0.5607	0.5607	0.5607	0.5607	0	0.00
2024/08/15	0.5629	0.5629	0.5629	0.5629	0	0.00
2024/08/16	0.5598	0.5598	0.5598	0.5598	0	0.00
2024/08/19	0.5572	0.5572	0.5572	0.5572	0	0.00
2024/08/20	0.5506	0.5506	0.5506	0.5506	0	0.00
2024/08/21	0.5466	0.5466	0.5466	0.5466	0	0.00
2024/08/22	0.5374	0.5374	0.5374	0.5374	0	0.00
2024/08/23	0.5380	0.5380	0.5380	0.5380	0	0.00
2024/08/26	0.5336	0.5336	0.5336	0.5336	0	0.00
2024/08/27	0.5311	0.5311	0.5311	0.5311	0	0.00
2024/08/28	0.5177	0.5177	0.5177	0.5177	0	0.00
2024/08/29	0.5301	0.5301	0.5301	0.5301	0	0.00
2024/08/30	0.5464	0.5464	0.5464	0.5464	0	0.00
2024/09/02	0.5259	0.5259	0.5259	0.5259	0	0.00
2024/09/03	0.5322	0.5322	0.5322	0.5322	0	0.00
2024/09/04	0.5276	0.5276	0.5276	0.5276	0	0.00
2024/09/05	0.5302	0.5302	0.5302	0.5302	0	0.00
2024/09/06	0.5215	0.5215	0.5215	0.5215	0	0.00
2024/09/09	0.5134	0.5134	0.5134	0.5134	0	0.00
2024/09/10	0.5153	0.5153	0.5153	0.5153	0	0.00
2024/09/11	0.5129	0.5129	0.5129	0.5129	0	0.00
2024/09/12	0.5013	0.5013	0.5013	0.5013	0	0.00
2024/09/13	0.4894	0.4894	0.4894	0.4894	0	0.00
2024/09/18	0.4843	0.4843	0.4843	0.4843	0	0.00
2024/09/19	0.4971	0.4971	0.4971	0.4971	0	0.00
2024/09/20	0.4981	0.4981	0.4981	0.4981	0	0.00
2024/09/23	0.5005	0.5005	0.5005	0.5005	0	0.00
2024/09/24	0.5303	0.5303	0.5303	0.5303	0	0.00
2024/09/25	0.5328	0.5328	0.5328	0.5328	0	0.00
2024/09/26	0.5832	0.5832	0.5832	0.5832	0	0.00
2024/09/27	0.6315	0.6315	0.6315	0.6315	0	0.00
2024/09/30	0.6889	0.6889	0.6889	0.6889	0	0.00
2024/10/08	0.7048	0.7048	0.7048	0.7048	0	0.00
2024/10/09	0.6425	0.6425	0.6425	0.6425	0	0.00
2024/10/10	0.6525	0.6525	0.6525	0.6525	0	0.00
2024/10/11	0.6314	0.6314	0.6314	0.6314	0	0.00
2024/10/14	0.6376	0.6376	0.6376	0.6376	0	0.00
2024/10/15	0.6153	0.6153	0.6153	0.6153	0	0.00
2024/10/16	0.6087	0.6087	0.6087	0.6087	0	0.00
2024/10/17	0.5956	0.5956	0.5956	0.5956	0	0.00
2024/10/18	0.6141	0.6141	0.6141	0.6141	0	0.00
2024/10/21	0.6157	0.6157	0.6157	0.6157	0	0.00
2024/10/22	0.6255	0.6255	0.6255	0.6255	0	0.00
2024/10/23	0.6347	0.6347	0.6347	0.6347	0	0.00
2024/10/24	0.6221	0.6221	0.6221	0.6221	0	0.00
2024/10/25	0.6270	0.6270	0.6270	0.6270	0	0.00
2024/10/28	0.6437	0.6437	0.6437	0.6437	0	0.00
2024/10/29	0.6273	0.6273	0.6273	0.6273	0	0.00
2024/10/30	0.6173	0.6173	0.6173	0.6173	0	0.00
2024/10/31	0.6142	0.6142	0.6142	0.6142	0	0.00
2024/11/01	0.6221	0.6221	0.6221	0.6221	0	0.00
2024/11/04	0.6306	0.6306	0.6306	0.6306	0	0.00
2024/11/05	0.6460	0.6460	0.6460	0.6460	0	0.00
2024/11/06	0.6435	0.6435	0.6435	0.6435	0	0.00
2024/11/07	0.6935	0.6935	0.6935	0.6935	0	0.00
2024/11/08	0.6771	0.6771	0.6771	0.6771	0	0.00
2024/11/11	0.6732	0.6732	0.6732	0.6732	0	0.00
2024/11/12	0.6682	0.6682	0.6682	0.6682	0	0.00
2024/11/13	0.6682	0.6682	0.6682	0.6682	0	0.00
2024/11/14	0.6598	0.6598	0.6598	0.6598	0	0.00
2024/11/15	0.6523	0.6523	0.6523	0.6523	0	0.00
2024/11/18	0.6430	0.6430	0.6430	0.6430	0	0.00
2024/11/19	0.6409	0.6409	0.6409	0.6409	0	0.00
2024/11/20	0.6448	0.6448	0.6448	0.6448	0	0.00
2024/11/21	0.6429	0.6429	0.6429	0.6429	0	0.00
2024/11/22	0.6205	0.6205	0.6205	0.6205	0	0.00
2024/11/25	0.6209	0.6209	0.6209	0.6209	0	0.00
2024/11/26	0.6251	0.6251	0.6251	0.6251	0	0.00
2024/11/27	0.6345	0.6345	0.6345	0.6345	0	0.00
2024/11/28	0.6283	0.6283	0.6283	0.6283	0	0.00
2024/11/29	0.6372	0.6372	0.6372	0.6372	0	0.00
2024/12/02	0.6403	0.6403	0.6403	0.6403	0	0.00
2024/12/03	0.6385	0.6385	0.6385	0.6385	0	0.00
2024/12/04	0.6324	0.6324	0.6324	0.6324	0	0.00
2024/12/05	0.6303	0.6303	0.6303	0.6303	0	0.00
2024/12/06	0.6352	0.6352	0.6352	0.6352	0	0.00
2024/12/09	0.6344	0.6344	0.6344	0.6344	0	0.00
2024/12/10	0.6466	0.6466	0.6466	0.6466	0	0.00
2024/12/11	0.6520	0.6520	0.6520	0.6520	0	0.00
2024/12/12	0.6680	0.6680	0.6680	0.6680	0	0.00
2024/12/13	0.6472	0.6472	0.6472	0.6472	0	0.00
2024/12/16	0.6350	0.6350	0.6350	0.6350	0	0.00
2024/12/17	0.6359	0.6359	0.6359	0.6359	0	0.00
2024/12/18	0.6340	0.6340	0.6340	0.6340	0	0.00
2024/12/19	0.6241	0.6241	0.6241	0.6241	0	0.00
2024/12/20	0.6258	0.6258	0.6258	0.6258	0	0.00
2024/12/23	0.6188	0.6188	0.6188	0.6188	0	0.00
2024/12/24	0.6244	0.6244	0.6244	0.6244	0	0.00
2024/12/25	0.6210	0.6210	0.6210	0.6210	0	0.00
2024/12/26	0.6208	0.6208	0.6208	0.6208	0	0.00
2024/12/27	0.6220	0.6220	0.6220	0.6220	0	0.00
2024/12/30	0.6168	0.6168	0.6168	0.6168	0	0.00
2024/12/31	0.6158	0.6158	0.6158	0.6158	0	0.00
2025/01/02	0.6002	0.6002	0.6002	0.6002	0	0.00
2025/01/03	0.5923	0.5923	0.5923	0.5923	0	0.00
2025/01/06	0.5759	0.5759	0.5759	0.5759	0	0.00
2025/01/07	0.5781	0.5781	0.5781	0.5781	0	0.00
2025/01/08	0.5754	0.5754	0.5754	0.5754	0	0.00
2025/01/09	0.5768	0.5768	0.5768	0.5768	0	0.00
2025/01/10	0.5667	0.5667	0.5667	0.5667	0	0.00
2025/01/13	0.5715	0.5715	0.5715	0.5715	0	0.00
2025/01/14	0.5868	0.5868	0.5868	0.5868	0	0.00
2025/01/15	0.5845	0.5845	0.5845	0.5845	0	0.00
2025/01/16	0.5809	0.5809	0.5809	0.5809	0	0.00
2025/01/17	0.5851	0.5851	0.5851	0.5851	0	0.00
2025/01/20	0.5908	0.5908	0.5908	0.5908	0	0.00
2025/01/21	0.5843	0.5843	0.5843	0.5843	0	0.00
2025/01/22	0.5737	0.5737	0.5737	0.5737	0	0.00
2025/01/23	0.5747	0.5747	0.5747	0.5747	0	0.00
2025/01/24	0.5731	0.5731	0.5731	0.5731	0	0.00
2025/01/27	0.5708	0.5708	0.5708	0.5708	0	0.00
2025/02/05	0.5604	0.5604	0.5604	0.5604	0	0.00
2025/02/06	0.5635	0.5635	0.5635	0.5635	0	0.00
2025/02/07	0.5705	0.5705	0.5705	0.5705	0	0.00
2025/02/10	0.5715	0.5715	0.5715	0.5715	0	0.00
2025/02/11	0.5656	0.5656	0.5656	0.5656	0	0.00
2025/02/12	0.5731	0.5731	0.5731	0.5731	0	0.00
2025/02/13	0.5903	0.5903	0.5903	0.5903	0	0.00
2025/02/14	0.5885	0.5885	0.5885	0.5885	0	0.00
2025/02/17	0.5902	0.5902	0.5902	0.5902	0	0.00
2025/02/18	0.5842	0.5842	0.5842	0.5842	0	0.00
2025/02/19	0.5877	0.5877	0.5877	0.5877	0	0.00
2025/02/20	0.5859	0.5859	0.5859	0.5859	0	0.00
2025/02/21	0.5890	0.5890	0.5890	0.5890	0	0.00
2025/02/24	0.5957	0.5957	0.5957	0.5957	0	0.00
2025/02/25	0.5847	0.5847	0.5847	0.5847	0	0.00
2025/02/26	0.5913	0.5913	0.5913	0.5913	0	0.00
2025/02/27	0.6050	0.6050	0.6050	0.6050	0	0.00
2025/02/28	0.6041	0.6041	0.6041	0.6041	0	0.00
2025/03/03	0.5980	0.5980	0.5980	0.5980	0	0.00
2025/03/04	0.5916	0.5916	0.5916	0.5916	0	0.00
2025/03/05	0.5916	0.5916	0.5916	0.5916	0	0.00
2025/03/06	0.6020	0.6020	0.6020	0.6020	0	0.00
2025/03/07	0.6126	0.6126	0.6126	0.6126	0	0.00
2025/03/10	0.6125	0.6125	0.6125	0.6125	0	0.00
2025/03/11	0.6295	0.6295	0.6295	0.6295	0	0.00
2025/03/12	0.6232	0.6232	0.6232	0.6232	0	0.00
2025/03/13	0.6224	0.6224	0.6224	0.6224	0	0.00
2025/03/14	0.6520	0.6520	0.6520	0.6520	0	0.00
2025/03/17	0.6515	0.6515	0.6515	0.6515	0	0.00
2025/03/18	0.6469	0.6469	0.6469	0.6469	0	0.00
2025/03/19	0.6422	0.6422	0.6422	0.6422	0	0.00
2025/03/20	0.6305	0.6305	0.6305	0.6305	0	0.00
2025/03/21	0.6229	0.6229	0.6229	0.6229	0	0.00
2025/03/24	0.6237	0.6237	0.6237	0.6237	0	0.00
2025/03/25	0.6232	0.6232	0.6232	0.6232	0	0.00
2025/03/26	0.6225	0.6225	0.6225	0.6225	0	0.00
2025/03/27	0.6285	0.6285	0.6285	0.6285	0	0.00
2025/03/28	0.6231	0.6231	0.6231	0.6231	0	0.00
2025/03/31	0.6145	0.6145	0.6145	0.6145	0	0.00
2025/04/01	0.6167	0.6167	0.6167	0.6167	0	0.00
2025/04/02	0.6152	0.6152	0.6152	0.6152	0	0.00
2025/04/03	0.6239	0.6239	0.6239	0.6239	0	0.00
2025/04/07	0.5972	0.5972	0.5972	0.5972	0	0.00
2025/04/08	0.6135	0.6135	0.6135	0.6135	0	0.00
2025/04/09	0.6233	0.6233	0.6233	0.6233	0	0.00
2025/04/10	0.6252	0.6252	0.6252	0.6252	0	0.00
2025/04/11	0.6184	0.6184	0.6184	0.6184	0	0.00
2025/04/14	0.6122	0.6122	0.6122	0.6122	0	0.00
2025/04/15	0.6133	0.6133	0.6133	0.6133	0	0.00
2025/04/16	0.6148	0.6148	0.6148	0.6148	0	0.00
2025/04/17	0.6198	0.6198	0.6198	0.6198	0	0.00
2025/04/18	0.6147	0.6147	0.6147	0.6147	0	0.00
2025/04/21	0.6080	0.6080	0.6080	0.6080	0	0.00
2025/04/22	0.6073	0.6073	0.6073	0.6073	0	0.00
2025/04/23	0.6047	0.6047	0.6047	0.6047	0	0.00
2025/04/24	0.6016	0.6016	0.6016	0.6016	0	0.00
2025/04/25	0.6024	0.6024	0.6024	0.6024	0	0.00
2025/04/28	0.6023	0.6023	0.6023	0.6023	0	0.00
2025/04/29	0.5948	0.5948	0.5948	0.5948	0	0.00
2025/04/30	0.5939	0.5939	0.5939	0.5939	0	0.00
2025/05/06	0.5972	0.5972	0.5972	0.5972	0	0.00
2025/05/07	0.5988	0.5988	0.5988	0.5988	0	0.00
2025/05/08	0.6032	0.6032	0.6032	0.6032	0	0.00
2025/05/09	0.6029	0.6029	0.6029	0.6029	0	0.00
2025/05/12	0.6055	0.6055	0.6055	0.6055	0	0.00
2025/05/13	0.6036	0.6036	0.6036	0.6036	0	0.00
2025/05/14	0.6134	0.6134	0.6134	0.6134	0	0.00
2025/05/15	0.6071	0.6071	0.6071	0.6071	0	0.00
2025/05/16	0.5996	0.5996	0.5996	0.5996	0	0.00
2025/05/19	0.5925	0.5925	0.5925	0.5925	0	0.00
2025/05/20	0.5932	0.5932	0.5932	0.5932	0	0.00
2025/05/21	0.5938	0.5938	0.5938	0.5938	0	0.00
2025/05/22	0.5912	0.5912	0.5912	0.5912	0	0.00
2025/05/23	0.5871	0.5871	0.5871	0.5871	0	0.00
2025/05/26	0.5824	0.5824	0.5824	0.5824	0	0.00
2025/05/27	0.5849	0.5849	0.5849	0.5849	0	0.00
2025/05/28	0.5869	0.5869	0.5869	0.5869	0	0.00
2025/05/29	0.5869	0.5869	0.5869	0.5869	0	0.00
2025/05/30	0.5797	0.5797	0.5797	0.5797	0	0.00
2025/06/03	0.5765	0.5765	0.5765	0.5765	0	0.00
2025/06/04	0.5778	0.5778	0.5778	0.5778	0	0.00
2025/06/05	0.5779	0.5779	0.5779	0.5779	0	0.00
2025/06/06	0.5765	0.5765	0.5765	0.5765	0	0.00
2025/06/09	0.5735	0.5735	0.5735	0.5735	0	0.00
2025/06/10	0.5681	0.5681	0.5681	0.5681	0	0.00
2025/06/11	0.5694	0.5694	0.5694	0.5694	0	0.00
2025/06/12	0.5604	0.5604	0.5604	0.5604	0	0.00
2025/06/13	0.5452	0.5452	0.5452	0.5452	0	0.00
2025/06/16	0.5460	0.5460	0.5460	0.5460	0	0.00
2025/06/17	0.5467	0.5467	0.5467	0.5467	0	0.00
2025/06/18	0.5500	0.5500	0.5500	0.5500	0	0.00
2025/06/19	0.5468	0.5468	0.5468	0.5468	0	0.00
2025/06/20	0.5571	0.5571	0.5571	0.5571	0	0.00
2025/06/23	0.5504	0.5504	0.5504	0.5504	0	0.00
2025/06/24	0.5550	0.5550	0.5550	0.5550	0	0.00
2025/06/25	0.5561	0.5561	0.5561	0.5561	0	0.00
2025/06/26	0.5559	0.5559	0.5559	0.5559	0	0.00
2025/06/27	0.5515	0.5515	0.5515	0.5515	0	0.00
2025/06/30	0.5553	0.5553	0.5553	0.5553	0	0.00
2025/07/01	0.5523	0.5523	0.5523	0.5523	0	0.00
2025/07/02	0.5542	0.5542	0.5542	0.5542	0	0.00
2025/07/03	0.5553	0.5553	0.5553	0.5553	0	0.00
2025/07/04	0.5558	0.5558	0.5558	0.5558	0	0.00
2025/07/07	0.5540	0.5540	0.5540	0.5540	0	0.00
2025/07/08	0.5588	0.5588	0.5588	0.5588	0	0.00
2025/07/09	0.5616	0.5616	0.5616	0.5616	0	0.00
2025/07/10	0.5653	0.5653	0.5653	0.5653	0	0.00
2025/07/11	0.5683	0.5683	0.5683	0.5683	0	0.00
2025/07/14	0.5695	0.5695	0.5695	0.5695	0	0.00
2025/07/15	0.5621	0.5621	0.5621	0.5621	0	0.00
2025/07/16	0.5665	0.5665	0.5665	0.5665	0	0.00
2025/07/17	0.5674	0.5674	0.5674	0.5674	0	0.00
2025/07/18	0.5758	0.5758	0.5758	0.5758	0	0.00
2025/07/21	0.5747	0.5747	0.5747	0.5747	0	0.00
2025/07/22	0.5908	0.5908	0.5908	0.5908	0	0.00
2025/07/23	0.5875	0.5875	0.5875	0.5875	0	0.00
2025/07/24	0.5907	0.5907	0.5907	0.5907	0	0.00
2025/07/25	0.5803	0.5803	0.5803	0.5803	0	0.00
2025/07/28	0.5782	0.5782	0.5782	0.5782	0	0.00
2025/07/29	0.5766	0.5766	0.5766	0.5766	0	0.00
2025/07/30	0.5808	0.5808	0.5808	0.5808	0	0.00
2025/07/31	0.5670	0.5670	0.5670	0.5670	0	0.00
2025/08/01	0.5671	0.5671	0.5671	0.5671	0	0.00
2025/08/04	0.5678	0.5678	0.5678	0.5678	0	0.00
2025/08/05	0.5741	0.5741	0.5741	0.5741	0	0.00
2025/08/06	0.5746	0.5746	0.5746	0.5746	0	0.00
2025/08/07	0.5755	0.5755	0.5755	0.5755	0	0.00
2025/08/08	0.5727	0.5727	0.5727	0.5727	0	0.00
2025/08/11	0.5837	0.5837	0.5837	0.5837	0	0.00
2025/08/12	0.5816	0.5816	0.5816	0.5816	0	0.00
2025/08/13	0.5809	0.5809	0.5809	0.5809	0	0.00
2025/08/14	0.5801	0.5801	0.5801	0.5801	0	0.00
2025/08/15	0.5809	0.5809	0.5809	0.5809	0	0.00
2025/08/18	0.5838	0.5838	0.5838	0.5838	0	0.00
2025/08/19	0.5940	0.5940	0.5940	0.5940	0	0.00
2025/08/20	0.6078	0.6078	0.6078	0.6078	0	0.00
2025/08/21	0.6032	0.6032	0.6032	0.6032	0	0.00
2025/08/22	0.6074	0.6074	0.6074	0.6074	0	0.00
2025/08/25	0.6299	0.6299	0.6299	0.6299	0	0.00
2025/08/26	0.6312	0.6312	0.6312	0.6312	0	0.00
2025/08/27	0.6118	0.6118	0.6118	0.6118	0	0.00
2025/08/28	0.6084	0.6084	0.6084	0.6084	0	0.00
2025/08/29	0.6235	0.6235	0.6235	0.6235	0	0.00
2025/09/01	0.6218	0.6218	0.6218	0.6218	0	0.00
2025/09/02	0.6200	0.6200	0.6200	0.6200	0	0.00
2025/09/03	0.6126	0.6126	0.6126	0.6126	0	0.00
2025/09/04	0.6105	0.6105	0.6105	0.6105	0	0.00
2025/09/05	0.6145	0.6145	0.6145	0.6145	0	0.00
2025/09/08	0.6240	0.6240	0.6240	0.6240	0	0.00
2025/09/09	0.6240	0.6240	0.6240	0.6240	0	0.00
2025/09/10	0.6237	0.6237	0.6237	0.6237	0	0.00
2025/09/11	0.6277	0.6277	0.6277	0.6277	0	0.00
2025/09/12	0.6205	0.6205	0.6205	0.6205	0	0.00
2025/09/15	0.6189	0.6189	0.6189	0.6189	0	0.00
2025/09/16	0.6189	0.6189	0.6189	0.6189	0	0.00
2025/09/17	0.6139	0.6139	0.6139	0.6139	0	0.00
2025/09/18	0.6031	0.6031	0.6031	0.6031	0	0.00
2025/09/19	0.6049	0.6049	0.6049	0.6049	0	0.00
2025/09/22	0.5967	0.5967	0.5967	0.5967	0	0.00
2025/09/23	0.5926	0.5926	0.5926	0.5926	0	0.00
2025/09/24	0.5933	0.5933	0.5933	0.5933	0	0.00
2025/09/25	0.5878	0.5878	0.5878	0.5878	0	0.00
2025/09/26	0.5846	0.5846	0.5846	0.5846	0	0.00
2025/09/29	0.5942	0.5942	0.5942	0.5942	0	0.00
2025/09/30	0.5896	0.5896	0.5896	0.5896	0	0.00
2025/10/09	0.5841	0.5841	0.5841	0.5841	0	0.00
2025/10/10	0.5827	0.5827	0.5827	0.5827	0	0.00
2025/10/13	0.5771	0.5771	0.5771	0.5771	0	0.00
2025/10/14	0.5921	0.5921	0.5921	0.5921	0	0.00
2025/10/15	0.5968	0.5968	0.5968	0.5968	0	0.00
2025/10/16	0.6041	0.6041	0.6041	0.6041	0	0.00
2025/10/17	0.5946	0.5946	0.5946	0.5946	0	0.00
2025/10/20	0.5918	0.5918	0.5918	0.5918	0	0.00
2025/10/21	0.5911	0.5911	0.5911	0.5911	0	0.00
2025/10/22	0.5890	0.5890	0.5890	0.5890	0	0.00
2025/10/23	0.5926	0.5926	0.5926	0.5926	0	0.00
2025/10/24	0.5817	0.5817	0.5817	0.5817	0	0.00
2025/10/27	0.5815	0.5815	0.5815	0.5815	0	0.00
2025/10/28	0.5818	0.5818	0.5818	0.5818	0	0.00
2025/10/29	0.5779	0.5779	0.5779	0.5779	0	0.00
2025/10/30	0.5793	0.5793	0.5793	0.5793	0	0.00
2025/10/31	0.5873	0.5873	0.5873	0.5873	0	0.00
2025/11/03	0.5888	0.5888	0.5888	0.5888	0	0.00
2025/11/04	0.5819	0.5819	0.5819	0.5819	0	0.00
2025/11/05	0.5791	0.5791	0.5791	0.5791	0	0.00
2025/11/06	0.5785	0.5785	0.5785	0.5785	0	0.00
2025/11/07	0.5770	0.5770	0.5770	0.5770	0	0.00
2025/11/10	0.6032	0.6032	0.6032	0.6032	0	0.00
2025/11/11	0.6030	0.6030	0.6030	0.6030	0	0.00
2025/11/12	0.6026	0.6026	0.6026	0.6026	0	0.00
2025/11/13	0.6070	0.6070	0.6070	0.6070	0	0.00
2025/11/14	0.5982	0.5982	0.5982	0.5982	0	0.00
2025/11/17	0.5983	0.5983	0.5983	0.5983	0	0.00
2025/11/18	0.5962	0.5962	0.5962	0.5962	0	0.00
2025/11/19	0.5915	0.5915	0.5915	0.5915	0	0.00
2025/11/20	0.5903	0.5903	0.5903	0.5903	0	0.00
2025/11/21	0.5839	0.5839	0.5839	0.5839	0	0.00
2025/11/24	0.5814	0.5814	0.5814	0.5814	0	0.00
2025/11/25	0.5815	0.5815	0.5815	0.5815	0	0.00
2025/11/26	0.5822	0.5822	0.5822	0.5822	0	0.00
2025/11/27	0.5827	0.5827	0.5827	0.5827	0	0.00
2025/11/28	0.5830	0.5830	0.5830	0.5830	0	0.00
2025/12/01	0.5832	0.5832	0.5832	0.5832	0	0.00
2025/12/02	0.5774	0.5774	0.5774	0.5774	0	0.00
2025/12/03	0.5709	0.5709	0.5709	0.5709	0	0.00
2025/12/04	0.5608	0.5608	0.5608	0.5608	0	0.00
2025/12/05	0.5634	0.5634	0.5634	0.5634	0	0.00
2025/12/08	0.5577	0.5577	0.5577	0.5577	0	0.00
2025/12/09	0.5495	0.5495	0.5495	0.5495	0	0.00
2025/12/10	0.5530	0.5530	0.5530	0.5530	0	0.00
2025/12/11	0.5494	0.5494	0.5494	0.5494	0	0.00
2025/12/12	0.5517	0.5517	0.5517	0.5517	0	0.00
2025/12/15	0.5546	0.5546	0.5546	0.5546	0	0.00
2025/12/16	0.5540	0.5540	0.5540	0.5540	0	0.00
2025/12/17	0.5531	0.5531	0.5531	0.5531	0	0.00
2025/12/18	0.5512	0.5512	0.5512	0.5512	0	0.00
2025/12/19	0.5546	0.5546	0.5546	0.5546	0	0.00
2025/12/22	0.5534	0.5534	0.5534	0.5534	0	0.00
2025/12/23	0.5498	0.5498	0.5498	0.5498	0	0.00
2025/12/24	0.5478	0.5478	0.5478	0.5478	0	0.00
2025/12/25	0.5542	0.5542	0.5542	0.5542	0	0.00
2025/12/26	0.5502	0.5502	0.5502	0.5502	0	0.00
2025/12/29	0.5433	0.5433	0.5433	0.5433	0	0.00
2025/12/30	0.5407	0.5407	0.5407	0.5407	0	0.00
2025/12/31	0.5360	0.5360	0.5360	0.5360	0	0.00
2026/01/05	0.5463	0.5463	0.5463	0.5463	0	0.00
2026/01/06	0.5501	0.5501	0.5501	0.5501	0	0.00
2026/01/07	0.5472	0.5472	0.5472	0.5472	0	0.00
2026/01/08	0.5453	0.5453	0.5453	0.5453	0	0.00
2026/01/09	0.5472	0.5472	0.5472	0.5472	0	0.00
2026/01/12	0.5537	0.5537	0.5537	0.5537	0	0.00
2026/01/13	0.5482	0.5482	0.5482	0.5482	0	0.00
2026/01/14	0.5447	0.5447	0.5447	0.5447	0	0.00
2026/01/15	0.5398	0.5398	0.5398	0.5398	0	0.00
2026/01/16	0.5360	0.5360	0.5360	0.5360	0	0.00
2026/01/19	0.5352	0.5352	0.5352	0.5352	0	0.00
2026/01/20	0.5397	0.5397	0.5397	0.5397	0	0.00
2026/01/21	0.5296	0.5296	0.5296	0.5296	0	0.00
2026/01/22	0.5281	0.5281	0.5281	0.5281	0	0.00
2026/01/23	0.5271	0.5271	0.5271	0.5271	0	0.00
2026/01/26	0.5224	0.5224	0.5224	0.5224	0	0.00
2026/01/27	0.5154	0.5154	0.5154	0.5154	0	0.00
2026/01/28	0.5155	0.5155	0.5155	0.5155	0	0.00
2026/01/29	0.5613	0.5613	0.5613	0.5613	0	0.00
2026/01/30	0.5397	0.5397	0.5397	0.5397	0	0.00
2026/02/02	0.5490	0.5490	0.5490	0.5490	0	0.00
2026/02/03	0.5512	0.5512	0.5512	0.5512	0	0.00
2026/02/04	0.5626	0.5626	0.5626	0.5626	0	0.00
2026/02/05	0.5656	0.5656	0.5656	0.5656	0	0.00
2026/02/06	0.5537	0.5537	0.5537	0.5537	0	0.00
2026/02/09	0.5539	0.5539	0.5539	0.5539	0	0.00
2026/02/10	0.5453	0.5453	0.5453	0.5453	0	0.00
2026/02/11	0.5442	0.5442	0.5442	0.5442	0	0.00
2026/02/12	0.5355	0.5355	0.5355	0.5355	0	0.00
2026/02/13	0.5350	0.5350	0.5350	0.5350	0	0.00
2026/02/24	0.5288	0.5288	0.5288	0.5288	0	0.00
2026/02/25	0.5319	0.5319	0.5319	0.5319	0	0.00
2026/02/26	0.5248	0.5248	0.5248	0.5248	0	0.00
2026/02/27	0.5244	0.5244	0.5244	0.5244	0	0.00
2026/03/02	0.5149	0.5149	0.5149	0.5149	0	0.00
2026/03/03	0.5141	0.5141	0.5141	0.5141	0	0.00
2026/03/04	0.5020	0.5020	0.5020	0.5020	0	0.00
2026/03/05	0.5025	0.5025	0.5025	0.5025	0	0.00
2026/03/06	0.5099	0.5099	0.5099	0.5099	0	0.00
2026/03/09	0.5052	0.5052	0.5052	0.5052	0	0.00
2026/03/10	0.5069	0.5069	0.5069	0.5069	0	0.00
2026/03/11	0.5064	0.5064	0.5064	0.5064	0	0.00
2026/03/12	0.5062	0.5062	0.5062	0.5062	0	0.00
2026/03/13	0.5117	0.5117	0.5117	0.5117	0	0.00
2026/03/16	0.5187	0.5187	0.5187	0.5187	0	0.00
2026/03/17	0.5183	0.5183	0.5183	0.5183	0	0.00
2026/03/18	0.5123	0.5123	0.5123	0.5123	0	0.00
2026/03/19	0.5045	0.5045	0.5045	0.5045	0	0.00
2026/03/20	0.5003	0.5003	0.5003	0.5003	0	0.00
2026/03/23	0.4838	0.4838	0.4838	0.4838	0	0.00
2026/03/24	0.4894	0.4894	0.4894	0.4894	0	0.00
2026/03/25	0.4924	0.4924	0.4924	0.4924	0	0.00
2026/03/26	0.4857	0.4857	0.4857	0.4857	0	0.00
2026/03/27	0.4919	0.4919	0.4919	0.4919	0	0.00
2026/03/30	0.4934	0.4934	0.4934	0.4934	0	0.00
2026/03/31	0.4920	0.4920	0.4920	0.4920	0	0.00
2026/04/01	0.4984	0.4984	0.4984	0.4984	0	0.00
2026/04/02	0.5001	0.5001	0.5001	0.5001	0	0.00
2026/04/03	0.4932	0.4932	0.4932	0.4932	0	0.00
2026/04/07	0.4911	0.4911	0.4911	0.4911	0	0.00
2026/04/08	0.4989	0.4989	0.4989	0.4989	0	0.00
2026/04/09	0.4904	0.4904	0.4904	0.4904	0	0.00
2026/04/10	0.4910	0.4910	0.4910	0.4910	0	0.00
2026/04/13	0.4885	0.4885	0.4885	0.4885	0	0.00
2026/04/14	0.4911	0.4911	0.4911	0.4911	0	0.00
2026/04/15	0.4927	0.4927	0.4927	0.4927	0	0.00
2026/04/16	0.4935	0.4935	0.4935	0.4935	0	0.00
2026/04/17	0.4848	0.4848	0.4848	0.4848	0	0.00
2026/04/20	0.4846	0.4846	0.4846	0.4846	0	0.00
2026/04/21	0.4824	0.4824	0.4824	0.4824	0	0.00
2026/04/22	0.4815	0.4815	0.4815	0.4815	0	0.00
2026/04/23	0.4900	0.4900	0.4900	0.4900	0	0.00
2026/04/24	0.4914	0.4914	0.4914	0.4914	0	0.00
2026/04/27	0.4823	0.4823	0.4823	0.4823	0	0.00
2026/04/28	0.4827	0.4827	0.4827	0.4827	0	0.00
2026/04/29	0.4881	0.4881	0.4881	0.4881	0	0.00
2026/04/30	0.4844	0.4844	0.4844	0.4844	0	0.00
2026/05/06	0.4771	0.4771	0.4771	0.4771	0	0.00
2026/05/07	0.4781	0.4781	0.4781	0.4781	0	0.00
2026/05/08	0.4764	0.4764	0.4764	0.4764	0	0.00
2026/05/11	0.4757	0.4757	0.4757	0.4757	0	0.00
2026/05/12	0.4687	0.4687	0.4687	0.4687	0	0.00
2026/05/13	0.4627	0.4627	0.4627	0.4627	0	0.00
2026/05/14	0.4655	0.4655	0.4655	0.4655	0	0.00
2026/05/15	0.4554	0.4554	0.4554	0.4554	0	0.00
2026/05/18	0.4515	0.4515	0.4515	0.4515	0	0.00
2026/05/19	0.4528	0.4528	0.4528	0.4528	0	0.00
2026/05/20	0.4554	0.4554	0.4554	0.4554	0	0.00
2026/05/21	0.4534	0.4534	0.4534	0.4534	0	0.00
2026/05/22	0.4438	0.4438	0.4438	0.4438	0	0.00
2026/05/25	0.4482	0.4482	0.4482	0.4482	0	0.00
2026/05/26	0.4446	0.4446	0.4446	0.4446	0	0.00
2026/05/27	0.4535	0.4535	0.4535	0.4535	0	0.00
2026/05/28	0.4425	0.4425	0.4425	0.4425	0	0.00
2026/05/29	0.4574	0.4574	0.4574	0.4574	0	0.00
2026/06/01	0.4556	0.4556	0.4556	0.4556	0	0.00
2026/06/02	0.4485	0.4485	0.4485	0.4485	0	0.00
2026/06/03	0.4423	0.4423	0.4423	0.4423	0	0.00
2026/06/04	0.4328	0.4328	0.4328	0.4328	0	0.00
2026/06/05	0.4333	0.4333	0.4333	0.4333	0	0.00
2026/06/08	0.4257	0.4257	0.4257	0.4257	0	0.00
2026/06/09	0.4202	0.4202	0.4202	0.4202	0	0.00
2026/06/10	0.4266	0.4266	0.4266	0.4266	0	0.00
2026/06/11	0.4250	0.4250	0.4250	0.4250	0	0.00
2026/06/12	0.4275	0.4275	0.4275	0.4275	0	0.00
2026/06/15	0.4260	0.4260	0.4260	0.4260	0	0.00
2026/06/16	0.4185	0.4185	0.4185	0.4185	0	0.00
2026/06/17	0.4137	0.4137	0.4137	0.4137	0	0.00
2026/06/18	0.4035	0.4035	0.4035	0.4035	0	0.00
2026/06/22	0.4069	0.4069	0.4069	0.4069	0	0.00
2026/06/23	0.3991	0.3991	0.3991	0.3991	0	0.00
2026/06/24	0.3903	0.3903	0.3903	0.3903	0	0.00
2026/06/25	0.3964	0.3964	0.3964	0.3964	0	0.00
2026/06/26	0.3873	0.3873	0.3873	0.3873	0	0.00
2026/06/29	0.3945	0.3945	0.3945	0.3945	0	0.00
#Ъ§ОнРДдД:ЭЈДяаХ
